[00:00:00][DEBUG][nullEngine.util.logs.Logs.init(Logs.java:86)] Successfully initalized logs
[00:00:00][DEBUG][nullEngine.gl.Renderer.viewport(Renderer.java:25)] Viewport: 1280x720 @0, 0
[00:00:00][DEBUG][nullEngine.object.component.FirstPersonCamera.mouseMoved(FirstPersonCamera.java:37)] 0
[00:00:00][DEBUG][nullEngine.object.component.FirstPersonCamera.getViewMatrix(FirstPersonCamera.java:23)] 
1.0 0.0 0.0 0.0
0.0 1.0 0.0 0.0
0.0 0.0 1.0 0.0
0.0 0.0 0.0 1.0

[00:00:00][DEBUG][nullEngine.object.component.FirstPersonCamera.getViewMatrix(FirstPersonCamera.java:23)] 
1.0 0.0 0.0 0.0
0.0 1.0 0.0 0.0
0.0 0.0 1.0 0.0
0.0 0.0 0.0 1.0

[00:00:00][DEBUG][nullEngine.object.component.FirstPersonCamera.getViewMatrix(FirstPersonCamera.java:23)] 
1.0 0.0 0.0 0.0
0.0 1.0 0.0 0.0
0.0 0.0 1.0 0.0
0.0 0.0 0.0 1.0

[00:00:00][DEBUG][nullEngine.object.component.FirstPersonCamera.getViewMatrix(FirstPersonCamera.java:23)] 
1.0 0.0 0.0 0.0
0.0 1.0 0.0 0.0
0.0 0.0 1.0 0.0
0.0 0.0 0.0 1.0

[00:00:00][DEBUG][nullEngine.object.component.FirstPersonCamera.getViewMatrix(FirstPersonCamera.java:23)] 
1.0 0.0 0.0 0.0
0.0 1.0 0.0 0.0
0.0 0.0 1.0 0.0
0.0 0.0 0.0 1.0

[00:00:00][DEBUG][nullEngine.object.component.FirstPersonCamera.getViewMatrix(FirstPersonCamera.java:23)] 
1.0 0.0 0.0 0.0
0.0 1.0 0.0 0.0
0.0 0.0 1.0 0.0
0.0 0.0 0.0 1.0

[00:00:00][DEBUG][nullEngine.object.component.FirstPersonCamera.getViewMatrix(FirstPersonCamera.java:23)] 
1.0 0.0 0.0 0.0
0.0 1.0 0.0 0.0
0.0 0.0 1.0 0.0
0.0 0.0 0.0 1.0

[00:00:00][DEBUG][nullEngine.object.component.FirstPersonCamera.getViewMatrix(FirstPersonCamera.java:23)] 
1.0 0.0 0.0 0.0
0.0 1.0 0.0 0.0
0.0 0.0 1.0 0.0
0.0 0.0 0.0 1.0

[00:00:00][DEBUG][nullEngine.object.component.FirstPersonCamera.getViewMatrix(FirstPersonCamera.java:23)] 
1.0 0.0 0.0 0.0
0.0 1.0 0.0 0.0
0.0 0.0 1.0 0.0
0.0 0.0 0.0 1.0

[00:00:00][DEBUG][nullEngine.object.component.FirstPersonCamera.getViewMatrix(FirstPersonCamera.java:23)] 
1.0 0.0 0.0 0.0
0.0 1.0 0.0 0.0
0.0 0.0 1.0 0.0
0.0 0.0 0.0 1.0

[00:00:00][DEBUG][nullEngine.object.component.FirstPersonCamera.getViewMatrix(FirstPersonCamera.java:23)] 
1.0 0.0 0.0 0.0
0.0 1.0 0.0 0.0
0.0 0.0 1.0 0.0
0.0 0.0 0.0 1.0

[00:00:00][DEBUG][nullEngine.object.component.FirstPersonCamera.getViewMatrix(FirstPersonCamera.java:23)] 
1.0 0.0 0.0 0.0
0.0 1.0 0.0 0.0
0.0 0.0 1.0 0.0
0.0 0.0 0.0 1.0

[00:00:00][DEBUG][nullEngine.object.component.FirstPersonCamera.getViewMatrix(FirstPersonCamera.java:23)] 
1.0 0.0 0.0 0.0
0.0 1.0 0.0 0.0
0.0 0.0 1.0 0.0
0.0 0.0 0.0 1.0

[00:00:00][DEBUG][nullEngine.object.component.FirstPersonCamera.getViewMatrix(FirstPersonCamera.java:23)] 
1.0 0.0 0.0 0.0
0.0 1.0 0.0 0.0
0.0 0.0 1.0 0.0
0.0 0.0 0.0 1.0

[00:00:00][DEBUG][nullEngine.object.component.FirstPersonCamera.getViewMatrix(FirstPersonCamera.java:23)] 
1.0 0.0 0.0 0.0
0.0 1.0 0.0 0.0
0.0 0.0 1.0 0.0
0.0 0.0 0.0 1.0

[00:00:00][DEBUG][nullEngine.object.component.FirstPersonCamera.getViewMatrix(FirstPersonCamera.java:23)] 
1.0 0.0 0.0 0.0
0.0 1.0 0.0 0.0
0.0 0.0 1.0 0.0
0.0 0.0 0.0 1.0

[00:00:00][DEBUG][nullEngine.object.component.FirstPersonCamera.getViewMatrix(FirstPersonCamera.java:23)] 
1.0 0.0 0.0 0.0
0.0 1.0 0.0 0.0
0.0 0.0 1.0 0.0
0.0 0.0 0.0 1.0

[00:00:00][DEBUG][nullEngine.object.component.FirstPersonCamera.getViewMatrix(FirstPersonCamera.java:23)] 
1.0 0.0 0.0 0.0
0.0 1.0 0.0 0.0
0.0 0.0 1.0 0.0
0.0 0.0 0.0 1.0

[00:00:00][DEBUG][nullEngine.object.component.FirstPersonCamera.getViewMatrix(FirstPersonCamera.java:23)] 
1.0 0.0 0.0 0.0
0.0 1.0 0.0 0.0
0.0 0.0 1.0 0.0
0.0 0.0 0.0 1.0

[00:00:00][DEBUG][nullEngine.object.component.FirstPersonCamera.getViewMatrix(FirstPersonCamera.java:23)] 
1.0 0.0 0.0 0.0
0.0 1.0 0.0 0.0
0.0 0.0 1.0 0.0
0.0 0.0 0.0 1.0

[00:00:00][DEBUG][nullEngine.object.component.FirstPersonCamera.getViewMatrix(FirstPersonCamera.java:23)] 
1.0 0.0 0.0 0.0
0.0 1.0 0.0 0.0
0.0 0.0 1.0 0.0
0.0 0.0 0.0 1.0

[00:00:00][DEBUG][nullEngine.object.component.FirstPersonCamera.getViewMatrix(FirstPersonCamera.java:23)] 
1.0 0.0 0.0 0.0
0.0 1.0 0.0 0.0
0.0 0.0 1.0 0.0
0.0 0.0 0.0 1.0

[00:00:00][DEBUG][nullEngine.object.component.FirstPersonCamera.getViewMatrix(FirstPersonCamera.java:23)] 
1.0 0.0 0.0 0.0
0.0 1.0 0.0 0.0
0.0 0.0 1.0 0.0
0.0 0.0 0.0 1.0

[00:00:00][DEBUG][nullEngine.object.component.FirstPersonCamera.getViewMatrix(FirstPersonCamera.java:23)] 
1.0 0.0 0.0 0.0
0.0 1.0 0.0 0.0
0.0 0.0 1.0 0.0
0.0 0.0 0.0 1.0

[00:00:00][DEBUG][nullEngine.object.component.FirstPersonCamera.getViewMatrix(FirstPersonCamera.java:23)] 
1.0 0.0 0.0 0.0
0.0 1.0 0.0 0.0
0.0 0.0 1.0 0.0
0.0 0.0 0.0 1.0

[00:00:00][DEBUG][nullEngine.object.component.FirstPersonCamera.getViewMatrix(FirstPersonCamera.java:23)] 
1.0 0.0 0.0 0.0
0.0 1.0 0.0 0.0
0.0 0.0 1.0 0.0
0.0 0.0 0.0 1.0

[00:00:00][DEBUG][nullEngine.object.component.FirstPersonCamera.getViewMatrix(FirstPersonCamera.java:23)] 
1.0 0.0 0.0 0.0
0.0 1.0 0.0 0.0
0.0 0.0 1.0 0.0
0.0 0.0 0.0 1.0

[00:00:00][DEBUG][nullEngine.object.component.FirstPersonCamera.getViewMatrix(FirstPersonCamera.java:23)] 
1.0 0.0 0.0 0.0
0.0 1.0 0.0 0.0
0.0 0.0 1.0 0.0
0.0 0.0 0.0 1.0

[00:00:00][DEBUG][nullEngine.object.component.FirstPersonCamera.getViewMatrix(FirstPersonCamera.java:23)] 
1.0 0.0 0.0 0.0
0.0 1.0 0.0 0.0
0.0 0.0 1.0 0.0
0.0 0.0 0.0 1.0

[00:00:00][DEBUG][nullEngine.object.component.FirstPersonCamera.mouseMoved(FirstPersonCamera.java:37)] 0
[00:00:00][DEBUG][nullEngine.object.component.FirstPersonCamera.getViewMatrix(FirstPersonCamera.java:23)] 
1.0 0.0 0.0 0.0
0.0 1.0 0.0 0.0
0.0 0.0 1.0 0.0
0.0 0.0 0.0 1.0

[00:00:00][DEBUG][nullEngine.object.component.FirstPersonCamera.getViewMatrix(FirstPersonCamera.java:23)] 
1.0 0.0 0.0 0.0
0.0 1.0 0.0 0.0
0.0 0.0 1.0 0.0
0.0 0.0 0.0 1.0

[00:00:00][DEBUG][nullEngine.object.component.FirstPersonCamera.mouseMoved(FirstPersonCamera.java:37)] -1
[00:00:00][DEBUG][nullEngine.object.component.FirstPersonCamera.mouseMoved(FirstPersonCamera.java:37)] -1
[00:00:00][DEBUG][nullEngine.object.component.FirstPersonCamera.getViewMatrix(FirstPersonCamera.java:23)] 
0.9996954 0.0 0.024678608 0.0
0.0 1.0 0.0 0.0
-0.024678608 0.0 0.9996954 0.0
0.0 0.0 0.0 1.0

[00:00:00][DEBUG][nullEngine.object.component.FirstPersonCamera.mouseMoved(FirstPersonCamera.java:37)] -1
[00:00:01][DEBUG][nullEngine.object.component.FirstPersonCamera.mouseMoved(FirstPersonCamera.java:37)] -2
[00:00:01][DEBUG][nullEngine.object.component.FirstPersonCamera.getViewMatrix(FirstPersonCamera.java:23)] 
0.9980971 0.0 0.06165283 0.0
0.0 1.0 0.0 0.0
-0.06165283 0.0 0.9980971 0.0
0.0 0.0 0.0 1.0

[00:00:01][DEBUG][nullEngine.object.component.FirstPersonCamera.mouseMoved(FirstPersonCamera.java:37)] -2
[00:00:01][DEBUG][nullEngine.object.component.FirstPersonCamera.mouseMoved(FirstPersonCamera.java:37)] -2
[00:00:01][DEBUG][nullEngine.object.component.FirstPersonCamera.getViewMatrix(FirstPersonCamera.java:23)] 
0.9938409 0.0 0.11078474 0.0
0.0 1.0 0.0 0.0
-0.11078474 0.0 0.9938409 0.0
0.0 0.0 0.0 1.0

[00:00:01][DEBUG][nullEngine.object.component.FirstPersonCamera.mouseMoved(FirstPersonCamera.java:37)] -2
[00:00:01][DEBUG][nullEngine.object.component.FirstPersonCamera.mouseMoved(FirstPersonCamera.java:37)] -1
[00:00:01][DEBUG][nullEngine.object.component.FirstPersonCamera.getViewMatrix(FirstPersonCamera.java:23)] 
0.9890613 0.0 0.14744858 0.0
0.0 1.0 0.0 0.0
-0.14744858 0.0 0.9890613 0.0
0.0 0.0 0.0 1.0

[00:00:01][DEBUG][nullEngine.object.component.FirstPersonCamera.mouseMoved(FirstPersonCamera.java:37)] -1
[00:00:01][DEBUG][nullEngine.object.component.FirstPersonCamera.mouseMoved(FirstPersonCamera.java:37)] -1
[00:00:01][DEBUG][nullEngine.object.component.FirstPersonCamera.getViewMatrix(FirstPersonCamera.java:23)] 
0.98512226 0.0 0.17178231 0.0
0.0 1.0 0.0 0.0
-0.17178231 0.0 0.98512226 0.0
0.0 0.0 0.0 1.0

[00:00:01][DEBUG][nullEngine.object.component.FirstPersonCamera.mouseMoved(FirstPersonCamera.java:37)] -1
[00:00:01][DEBUG][nullEngine.object.component.FirstPersonCamera.getViewMatrix(FirstPersonCamera.java:23)] 
0.982928 0.0 0.18390948 0.0
0.0 1.0 0.0 0.0
-0.18390948 0.0 0.982928 0.0
0.0 0.0 0.0 1.0

[00:00:01][DEBUG][nullEngine.object.component.FirstPersonCamera.mouseMoved(FirstPersonCamera.java:37)] -1
[00:00:01][DEBUG][nullEngine.object.component.FirstPersonCamera.mouseMoved(FirstPersonCamera.java:37)] -1
[00:00:01][DEBUG][nullEngine.object.component.FirstPersonCamera.getViewMatrix(FirstPersonCamera.java:23)] 
0.97809154 0.0 0.20807514 0.0
0.0 1.0 0.0 0.0
-0.20807514 0.0 0.97809154 0.0
0.0 0.0 0.0 1.0

[00:00:01][DEBUG][nullEngine.object.component.FirstPersonCamera.mouseMoved(FirstPersonCamera.java:37)] -1
[00:00:01][DEBUG][nullEngine.object.component.FirstPersonCamera.mouseMoved(FirstPersonCamera.java:37)] -1
[00:00:01][DEBUG][nullEngine.object.component.FirstPersonCamera.getViewMatrix(FirstPersonCamera.java:23)] 
0.9726606 0.0 0.23211037 0.0
0.0 1.0 0.0 0.0
-0.23211037 0.0 0.9726606 0.0
0.0 0.0 0.0 1.0

[00:00:01][DEBUG][nullEngine.object.component.FirstPersonCamera.mouseMoved(FirstPersonCamera.java:37)] -2
[00:00:01][DEBUG][nullEngine.object.component.FirstPersonCamera.mouseMoved(FirstPersonCamera.java:37)] -2
[00:00:01][DEBUG][nullEngine.object.component.FirstPersonCamera.getViewMatrix(FirstPersonCamera.java:23)] 
0.96003485 0.0 0.27969038 0.0
0.0 1.0 0.0 0.0
-0.27969038 0.0 0.96003485 0.0
0.0 0.0 0.0 1.0

[00:00:01][DEBUG][nullEngine.object.component.FirstPersonCamera.mouseMoved(FirstPersonCamera.java:37)] -3
[00:00:01][DEBUG][nullEngine.object.component.FirstPersonCamera.mouseMoved(FirstPersonCamera.java:37)] -2
[00:00:01][DEBUG][nullEngine.object.component.FirstPersonCamera.getViewMatrix(FirstPersonCamera.java:23)] 
0.9409897 0.0 0.3381167 0.0
0.0 1.0 0.0 0.0
-0.3381167 0.0 0.9409897 0.0
0.0 0.0 0.0 1.0

[00:00:01][DEBUG][nullEngine.object.component.FirstPersonCamera.mouseMoved(FirstPersonCamera.java:37)] -2
[00:00:01][DEBUG][nullEngine.object.component.FirstPersonCamera.getViewMatrix(FirstPersonCamera.java:23)] 
0.9323687 0.0 0.36113858 0.0
0.0 1.0 0.0 0.0
-0.36113858 0.0 0.9323687 0.0
0.0 0.0 0.0 1.0

[00:00:01][DEBUG][nullEngine.object.component.FirstPersonCamera.getViewMatrix(FirstPersonCamera.java:23)] 
0.9323687 0.0 0.36113858 0.0
0.0 1.0 0.0 0.0
-0.36113858 0.0 0.9323687 0.0
0.0 0.0 0.0 1.0

[00:00:01][DEBUG][nullEngine.object.component.FirstPersonCamera.getViewMatrix(FirstPersonCamera.java:23)] 
0.9323687 0.0 0.36113858 0.0
0.0 1.0 0.0 0.0
-0.36113858 0.0 0.9323687 0.0
0.0 0.0 0.0 1.0

[00:00:01][DEBUG][nullEngine.object.component.FirstPersonCamera.getViewMatrix(FirstPersonCamera.java:23)] 
0.9323687 0.0 0.36113858 0.0
0.0 1.0 0.0 0.0
-0.36113858 0.0 0.9323687 0.0
0.0 0.0 0.0 1.0

[00:00:01][DEBUG][nullEngine.object.component.FirstPersonCamera.getViewMatrix(FirstPersonCamera.java:23)] 
0.9323687 0.0 0.36113858 0.0
0.0 1.0 0.0 0.0
-0.36113858 0.0 0.9323687 0.0
0.0 0.0 0.0 1.0

[00:00:01][DEBUG][nullEngine.object.component.FirstPersonCamera.getViewMatrix(FirstPersonCamera.java:23)] 
0.9323687 0.0 0.36113858 0.0
0.0 1.0 0.0 0.0
-0.36113858 0.0 0.9323687 0.0
0.0 0.0 0.0 1.0

[00:00:01][DEBUG][nullEngine.object.component.FirstPersonCamera.getViewMatrix(FirstPersonCamera.java:23)] 
0.9323687 0.0 0.36113858 0.0
0.0 1.0 0.0 0.0
-0.36113858 0.0 0.9323687 0.0
0.0 0.0 0.0 1.0

[00:00:01][DEBUG][nullEngine.object.component.FirstPersonCamera.getViewMatrix(FirstPersonCamera.java:23)] 
0.9323687 0.0 0.36113858 0.0
0.0 1.0 0.0 0.0
-0.36113858 0.0 0.9323687 0.0
0.0 0.0 0.0 1.0

[00:00:01][DEBUG][nullEngine.object.component.FirstPersonCamera.getViewMatrix(FirstPersonCamera.java:23)] 
0.9323687 0.0 0.36113858 0.0
0.0 1.0 0.0 0.0
-0.36113858 0.0 0.9323687 0.0
0.0 0.0 0.0 1.0

[00:00:01][DEBUG][nullEngine.object.component.FirstPersonCamera.getViewMatrix(FirstPersonCamera.java:23)] 
0.9323687 0.0 0.36113858 0.0
0.0 1.0 0.0 0.0
-0.36113858 0.0 0.9323687 0.0
0.0 0.0 0.0 1.0

[00:00:01][DEBUG][nullEngine.object.component.FirstPersonCamera.getViewMatrix(FirstPersonCamera.java:23)] 
0.9323687 0.0 0.36113858 0.0
0.0 1.0 0.0 0.0
-0.36113858 0.0 0.9323687 0.0
0.0 0.0 0.0 1.0

[00:00:01][DEBUG][nullEngine.object.component.FirstPersonCamera.getViewMatrix(FirstPersonCamera.java:23)] 
0.9323687 0.0 0.36113858 0.0
0.0 1.0 0.0 0.0
-0.36113858 0.0 0.9323687 0.0
0.0 0.0 0.0 1.0

[00:00:01][DEBUG][nullEngine.object.component.FirstPersonCamera.getViewMatrix(FirstPersonCamera.java:23)] 
0.9323687 0.0 0.36113858 0.0
0.0 1.0 0.0 0.0
-0.36113858 0.0 0.9323687 0.0
0.0 0.0 0.0 1.0

[00:00:01][DEBUG][nullEngine.object.component.FirstPersonCamera.mouseMoved(FirstPersonCamera.java:37)] 1
[00:00:01][DEBUG][nullEngine.object.component.FirstPersonCamera.mouseMoved(FirstPersonCamera.java:37)] 1
[00:00:01][DEBUG][nullEngine.object.component.FirstPersonCamera.getViewMatrix(FirstPersonCamera.java:23)] 
0.94100285 0.0 0.33804032 0.0
0.0 1.0 0.0 0.0
-0.33804032 0.0 0.94100285 0.0
0.0 0.0 0.0 1.0

[00:00:01][DEBUG][nullEngine.object.component.FirstPersonCamera.mouseMoved(FirstPersonCamera.java:37)] 1
[00:00:01][DEBUG][nullEngine.object.component.FirstPersonCamera.mouseMoved(FirstPersonCamera.java:37)] 1
[00:00:01][DEBUG][nullEngine.object.component.FirstPersonCamera.getViewMatrix(FirstPersonCamera.java:23)] 
0.9490637 0.0 0.31473967 0.0
0.0 1.0 0.0 0.0
-0.31473967 0.0 0.9490637 0.0
0.0 0.0 0.0 1.0

[00:00:01][DEBUG][nullEngine.object.component.FirstPersonCamera.mouseMoved(FirstPersonCamera.java:37)] 2
[00:00:01][DEBUG][nullEngine.object.component.FirstPersonCamera.mouseMoved(FirstPersonCamera.java:37)] 2
[00:00:01][DEBUG][nullEngine.object.component.FirstPersonCamera.mouseMoved(FirstPersonCamera.java:37)] 4
[00:00:01][DEBUG][nullEngine.object.component.FirstPersonCamera.getViewMatrix(FirstPersonCamera.java:23)] 
0.9755014 0.0 0.2196543 0.0
0.0 1.0 0.0 0.0
-0.2196543 0.0 0.9755014 0.0
0.0 0.0 0.0 1.0

[00:00:01][DEBUG][nullEngine.object.component.FirstPersonCamera.mouseMoved(FirstPersonCamera.java:37)] 6
[00:00:01][DEBUG][nullEngine.object.component.FirstPersonCamera.mouseMoved(FirstPersonCamera.java:37)] 5
[00:00:01][DEBUG][nullEngine.object.component.FirstPersonCamera.getViewMatrix(FirstPersonCamera.java:23)] 
0.99629503 0.0 0.08576993 0.0
0.0 1.0 0.0 0.0
-0.08576993 0.0 0.99629503 0.0
0.0 0.0 0.0 1.0

[00:00:01][DEBUG][nullEngine.object.component.FirstPersonCamera.mouseMoved(FirstPersonCamera.java:37)] 6
[00:00:01][DEBUG][nullEngine.object.component.FirstPersonCamera.mouseMoved(FirstPersonCamera.java:37)] 3
[00:00:01][DEBUG][nullEngine.object.component.FirstPersonCamera.getViewMatrix(FirstPersonCamera.java:23)] 
0.99969536 -0.0 -0.024594007 0.0
0.0 1.0 -0.0 0.0
0.024594007 0.0 0.99969536 0.0
0.0 0.0 0.0 1.0

[00:00:01][DEBUG][nullEngine.object.component.FirstPersonCamera.mouseMoved(FirstPersonCamera.java:37)] 1
[00:00:01][DEBUG][nullEngine.object.component.FirstPersonCamera.mouseMoved(FirstPersonCamera.java:37)] 1
[00:00:01][DEBUG][nullEngine.object.component.FirstPersonCamera.getViewMatrix(FirstPersonCamera.java:23)] 
0.9987861 -0.0 -0.049081586 0.0
0.0 1.0 -0.0 0.0
0.049081586 0.0 0.9987861 0.0
0.0 0.0 0.0 1.0

[00:00:01][DEBUG][nullEngine.object.component.FirstPersonCamera.mouseMoved(FirstPersonCamera.java:37)] 1
[00:00:01][DEBUG][nullEngine.object.component.FirstPersonCamera.getViewMatrix(FirstPersonCamera.java:23)] 
0.99810493 -0.0 -0.061313696 0.0
0.0 1.0 -0.0 0.0
0.061313696 0.0 0.99810493 0.0
0.0 0.0 0.0 1.0

[00:00:01][DEBUG][nullEngine.object.component.FirstPersonCamera.mouseMoved(FirstPersonCamera.java:37)] 2
[00:00:01][DEBUG][nullEngine.object.component.FirstPersonCamera.mouseMoved(FirstPersonCamera.java:37)] 2
[00:00:01][DEBUG][nullEngine.object.component.FirstPersonCamera.getViewMatrix(FirstPersonCamera.java:23)] 
0.9938738 -0.0 -0.11010593 0.0
0.0 1.0 -0.0 0.0
0.11010593 0.0 0.9938738 0.0
0.0 0.0 0.0 1.0

[00:00:01][DEBUG][nullEngine.object.component.FirstPersonCamera.mouseMoved(FirstPersonCamera.java:37)] 2
[00:00:01][DEBUG][nullEngine.object.component.FirstPersonCamera.mouseMoved(FirstPersonCamera.java:37)] 4
[00:00:01][DEBUG][nullEngine.object.component.FirstPersonCamera.getViewMatrix(FirstPersonCamera.java:23)] 
0.9830359 -0.0 -0.18265045 0.0
0.0 1.0 -0.0 0.0
0.18265045 0.0 0.9830359 0.0
0.0 0.0 0.0 1.0

[00:00:01][DEBUG][nullEngine.object.component.FirstPersonCamera.mouseMoved(FirstPersonCamera.java:37)] 3
[00:00:01][DEBUG][nullEngine.object.component.FirstPersonCamera.mouseMoved(FirstPersonCamera.java:37)] 2
[00:00:01][DEBUG][nullEngine.object.component.FirstPersonCamera.getViewMatrix(FirstPersonCamera.java:23)] 
0.9699306 -0.0 -0.24230215 0.0
0.0 1.0 -0.0 0.0
0.24230215 0.0 0.9699306 0.0
0.0 0.0 0.0 1.0

[00:00:01][DEBUG][nullEngine.object.component.FirstPersonCamera.mouseMoved(FirstPersonCamera.java:37)] 2
[00:00:01][DEBUG][nullEngine.object.component.FirstPersonCamera.mouseMoved(FirstPersonCamera.java:37)] 1
[00:00:01][DEBUG][nullEngine.object.component.FirstPersonCamera.getViewMatrix(FirstPersonCamera.java:23)] 
0.9603101 -0.0 -0.27766436 0.0
0.0 1.0 -0.0 0.0
0.27766436 0.0 0.9603101 0.0
0.0 0.0 0.0 1.0

[00:00:01][DEBUG][nullEngine.object.component.FirstPersonCamera.getViewMatrix(FirstPersonCamera.java:23)] 
0.9603101 -0.0 -0.27766436 0.0
0.0 1.0 -0.0 0.0
0.27766436 0.0 0.9603101 0.0
0.0 0.0 0.0 1.0

[00:00:01][DEBUG][nullEngine.object.component.FirstPersonCamera.getViewMatrix(FirstPersonCamera.java:23)] 
0.9603101 -0.0 -0.27766436 0.0
0.0 1.0 -0.0 0.0
0.27766436 0.0 0.9603101 0.0
0.0 0.0 0.0 1.0

[00:00:01][DEBUG][nullEngine.object.component.FirstPersonCamera.getViewMatrix(FirstPersonCamera.java:23)] 
0.9603101 -0.0 -0.27766436 0.0
0.0 1.0 -0.0 0.0
0.27766436 0.0 0.9603101 0.0
0.0 0.0 0.0 1.0

[00:00:01][DEBUG][nullEngine.object.component.FirstPersonCamera.getViewMatrix(FirstPersonCamera.java:23)] 
0.9603101 -0.0 -0.27766436 0.0
0.0 1.0 -0.0 0.0
0.27766436 0.0 0.9603101 0.0
0.0 0.0 0.0 1.0

[00:00:01][DEBUG][nullEngine.object.component.FirstPersonCamera.mouseMoved(FirstPersonCamera.java:37)] 1
[00:00:01][DEBUG][nullEngine.object.component.FirstPersonCamera.mouseMoved(FirstPersonCamera.java:37)] 2
[00:00:01][DEBUG][nullEngine.object.component.FirstPersonCamera.getViewMatrix(FirstPersonCamera.java:23)] 
0.94938934 -0.0 -0.3126326 0.0
0.0 1.0 -0.0 0.0
0.3126326 0.0 0.94938934 0.0
0.0 0.0 0.0 1.0

[00:00:01][DEBUG][nullEngine.object.component.FirstPersonCamera.mouseMoved(FirstPersonCamera.java:37)] 1
[00:00:01][DEBUG][nullEngine.object.component.FirstPersonCamera.getViewMatrix(FirstPersonCamera.java:23)] 
0.9454616 -0.0 -0.32420075 0.0
0.0 1.0 -0.0 0.0
0.32420075 0.0 0.9454616 0.0
0.0 0.0 0.0 1.0

[00:00:01][DEBUG][nullEngine.object.component.FirstPersonCamera.mouseMoved(FirstPersonCamera.java:37)] 1
[00:00:01][DEBUG][nullEngine.object.component.FirstPersonCamera.getViewMatrix(FirstPersonCamera.java:23)] 
0.94139147 -0.0 -0.33571866 0.0
0.0 1.0 -0.0 0.0
0.33571866 0.0 0.94139147 0.0
0.0 0.0 0.0 1.0

[00:00:01][DEBUG][nullEngine.object.component.FirstPersonCamera.getViewMatrix(FirstPersonCamera.java:23)] 
0.94139147 -0.0 -0.33571866 0.0
0.0 1.0 -0.0 0.0
0.33571866 0.0 0.94139147 0.0
0.0 0.0 0.0 1.0

[00:00:01][DEBUG][nullEngine.object.component.FirstPersonCamera.mouseMoved(FirstPersonCamera.java:37)] 1
[00:00:01][DEBUG][nullEngine.object.component.FirstPersonCamera.getViewMatrix(FirstPersonCamera.java:23)] 
0.93717974 -0.0 -0.34718454 0.0
0.0 1.0 -0.0 0.0
0.34718454 0.0 0.93717974 0.0
0.0 0.0 0.0 1.0

[00:00:01][DEBUG][nullEngine.object.component.FirstPersonCamera.getViewMatrix(FirstPersonCamera.java:23)] 
0.93717974 -0.0 -0.34718454 0.0
0.0 1.0 -0.0 0.0
0.34718454 0.0 0.93717974 0.0
0.0 0.0 0.0 1.0

[00:00:01][DEBUG][nullEngine.object.component.FirstPersonCamera.mouseMoved(FirstPersonCamera.java:37)] 1
[00:00:01][DEBUG][nullEngine.object.component.FirstPersonCamera.getViewMatrix(FirstPersonCamera.java:23)] 
0.93282694 -0.0 -0.35859668 0.0
0.0 1.0 -0.0 0.0
0.35859668 0.0 0.93282694 0.0
0.0 0.0 0.0 1.0

[00:00:01][DEBUG][nullEngine.object.component.FirstPersonCamera.mouseMoved(FirstPersonCamera.java:37)] 2
[00:00:01][DEBUG][nullEngine.object.component.FirstPersonCamera.getViewMatrix(FirstPersonCamera.java:23)] 
0.92370653 -0.0 -0.38122463 0.0
0.0 1.0 -0.0 0.0
0.38122463 0.0 0.92370653 0.0
0.0 0.0 0.0 1.0

[00:00:01][DEBUG][nullEngine.object.component.FirstPersonCamera.mouseMoved(FirstPersonCamera.java:37)] 1
[00:00:01][DEBUG][nullEngine.object.component.FirstPersonCamera.getViewMatrix(FirstPersonCamera.java:23)] 
0.91893524 -0.0 -0.39246428 0.0
0.0 1.0 -0.0 0.0
0.39246428 0.0 0.91893524 0.0
0.0 0.0 0.0 1.0

[00:00:01][DEBUG][nullEngine.object.component.FirstPersonCamera.getViewMatrix(FirstPersonCamera.java:23)] 
0.91893524 -0.0 -0.39246428 0.0
0.0 1.0 -0.0 0.0
0.39246428 0.0 0.91893524 0.0
0.0 0.0 0.0 1.0

[00:00:01][DEBUG][nullEngine.object.component.FirstPersonCamera.getViewMatrix(FirstPersonCamera.java:23)] 
0.91893524 -0.0 -0.39246428 0.0
0.0 1.0 -0.0 0.0
0.39246428 0.0 0.91893524 0.0
0.0 0.0 0.0 1.0

[00:00:01][DEBUG][nullEngine.object.component.FirstPersonCamera.getViewMatrix(FirstPersonCamera.java:23)] 
0.91893524 -0.0 -0.39246428 0.0
0.0 1.0 -0.0 0.0
0.39246428 0.0 0.91893524 0.0
0.0 0.0 0.0 1.0

[00:00:01][DEBUG][nullEngine.object.component.FirstPersonCamera.getViewMatrix(FirstPersonCamera.java:23)] 
0.91893524 -0.0 -0.39246428 0.0
0.0 1.0 -0.0 0.0
0.39246428 0.0 0.91893524 0.0
0.0 0.0 0.0 1.0

[00:00:01][DEBUG][nullEngine.object.component.FirstPersonCamera.getViewMatrix(FirstPersonCamera.java:23)] 
0.91893524 -0.0 -0.39246428 0.0
0.0 1.0 -0.0 0.0
0.39246428 0.0 0.91893524 0.0
0.0 0.0 0.0 1.0

[00:00:01][DEBUG][nullEngine.object.component.FirstPersonCamera.getViewMatrix(FirstPersonCamera.java:23)] 
0.91893524 -0.0 -0.39246428 0.0
0.0 1.0 -0.0 0.0
0.39246428 0.0 0.91893524 0.0
0.0 0.0 0.0 1.0

[00:00:01][DEBUG][nullEngine.object.component.FirstPersonCamera.mouseMoved(FirstPersonCamera.java:37)] 1
[00:00:01][DEBUG][nullEngine.object.component.FirstPersonCamera.getViewMatrix(FirstPersonCamera.java:23)] 
0.9140258 -0.0 -0.4036433 0.0
0.0 1.0 -0.0 0.0
0.4036433 0.0 0.9140258 0.0
0.0 0.0 0.0 1.0

[00:00:01][DEBUG][nullEngine.object.component.FirstPersonCamera.getViewMatrix(FirstPersonCamera.java:23)] 
0.9140258 -0.0 -0.4036433 0.0
0.0 1.0 -0.0 0.0
0.4036433 0.0 0.9140258 0.0
0.0 0.0 0.0 1.0

[00:00:01][DEBUG][nullEngine.object.component.FirstPersonCamera.getViewMatrix(FirstPersonCamera.java:23)] 
0.9140258 -0.0 -0.4036433 0.0
0.0 1.0 -0.0 0.0
0.4036433 0.0 0.9140258 0.0
0.0 0.0 0.0 1.0

[00:00:01][DEBUG][nullEngine.object.component.FirstPersonCamera.getViewMatrix(FirstPersonCamera.java:23)] 
0.9140258 -0.0 -0.4036433 0.0
0.0 1.0 -0.0 0.0
0.4036433 0.0 0.9140258 0.0
0.0 0.0 0.0 1.0

[00:00:01][DEBUG][nullEngine.object.component.FirstPersonCamera.getViewMatrix(FirstPersonCamera.java:23)] 
0.9140258 -0.0 -0.4036433 0.0
0.0 1.0 -0.0 0.0
0.4036433 0.0 0.9140258 0.0
0.0 0.0 0.0 1.0

[00:00:01][DEBUG][nullEngine.object.component.FirstPersonCamera.getViewMatrix(FirstPersonCamera.java:23)] 
0.9140258 -0.0 -0.4036433 0.0
0.0 1.0 -0.0 0.0
0.4036433 0.0 0.9140258 0.0
0.0 0.0 0.0 1.0

[00:00:01][DEBUG][nullEngine.object.component.FirstPersonCamera.getViewMatrix(FirstPersonCamera.java:23)] 
0.9140258 -0.0 -0.4036433 0.0
0.0 1.0 -0.0 0.0
0.4036433 0.0 0.9140258 0.0
0.0 0.0 0.0 1.0

[00:00:01][DEBUG][nullEngine.object.component.FirstPersonCamera.getViewMatrix(FirstPersonCamera.java:23)] 
0.9140258 -0.0 -0.4036433 0.0
0.0 1.0 -0.0 0.0
0.4036433 0.0 0.9140258 0.0
0.0 0.0 0.0 1.0

[00:00:01][DEBUG][nullEngine.object.component.FirstPersonCamera.mouseMoved(FirstPersonCamera.java:37)] -1
[00:00:02][DEBUG][nullEngine.object.component.FirstPersonCamera.getViewMatrix(FirstPersonCamera.java:23)] 
0.9189414 -0.0 -0.3924344 0.0
0.0 1.0 -0.0 0.0
0.3924344 0.0 0.9189414 0.0
0.0 0.0 0.0 1.0

[00:00:02][DEBUG][nullEngine.object.component.FirstPersonCamera.getViewMatrix(FirstPersonCamera.java:23)] 
0.9189414 -0.0 -0.3924344 0.0
0.0 1.0 -0.0 0.0
0.3924344 0.0 0.9189414 0.0
0.0 0.0 0.0 1.0

[00:00:02][DEBUG][nullEngine.object.component.FirstPersonCamera.mouseMoved(FirstPersonCamera.java:37)] -1
[00:00:02][DEBUG][nullEngine.object.component.FirstPersonCamera.mouseMoved(FirstPersonCamera.java:37)] -1
[00:00:02][DEBUG][nullEngine.object.component.FirstPersonCamera.getViewMatrix(FirstPersonCamera.java:23)] 
0.92835534 -0.0 -0.36984143 0.0
0.0 1.0 -0.0 0.0
0.36984143 0.0 0.92835534 0.0
0.0 0.0 0.0 1.0

[00:00:02][DEBUG][nullEngine.object.component.FirstPersonCamera.mouseMoved(FirstPersonCamera.java:37)] -1
[00:00:02][DEBUG][nullEngine.object.component.FirstPersonCamera.getViewMatrix(FirstPersonCamera.java:23)] 
0.9328522 -0.0 -0.35846093 0.0
0.0 1.0 -0.0 0.0
0.35846093 0.0 0.9328522 0.0
0.0 0.0 0.0 1.0

[00:00:02][DEBUG][nullEngine.object.component.FirstPersonCamera.mouseMoved(FirstPersonCamera.java:37)] -1
[00:00:02][DEBUG][nullEngine.object.component.FirstPersonCamera.mouseMoved(FirstPersonCamera.java:37)] -2
[00:00:02][DEBUG][nullEngine.object.component.FirstPersonCamera.getViewMatrix(FirstPersonCamera.java:23)] 
0.94549894 -0.0 -0.32397848 0.0
0.0 1.0 -0.0 0.0
0.32397848 0.0 0.94549894 0.0
0.0 0.0 0.0 1.0

[00:00:02][DEBUG][nullEngine.object.component.FirstPersonCamera.mouseMoved(FirstPersonCamera.java:37)] -1
[00:00:02][DEBUG][nullEngine.object.component.FirstPersonCamera.getViewMatrix(FirstPersonCamera.java:23)] 
0.9494279 -0.0 -0.31239444 0.0
0.0 1.0 -0.0 0.0
0.31239444 0.0 0.9494279 0.0
0.0 0.0 0.0 1.0

[00:00:02][DEBUG][nullEngine.object.component.FirstPersonCamera.mouseMoved(FirstPersonCamera.java:37)] -1
[00:00:02][DEBUG][nullEngine.object.component.FirstPersonCamera.mouseMoved(FirstPersonCamera.java:37)] -1
[00:00:02][DEBUG][nullEngine.object.component.FirstPersonCamera.getViewMatrix(FirstPersonCamera.java:23)] 
0.95685506 -0.0 -0.28908804 0.0
0.0 1.0 -0.0 0.0
0.28908804 0.0 0.95685506 0.0
0.0 0.0 0.0 1.0

[00:00:02][DEBUG][nullEngine.object.component.FirstPersonCamera.mouseMoved(FirstPersonCamera.java:37)] -2
[00:00:02][DEBUG][nullEngine.object.component.FirstPersonCamera.getViewMatrix(FirstPersonCamera.java:23)] 
0.9637072 -0.0 -0.265588 0.0
0.0 1.0 -0.0 0.0
0.265588 0.0 0.9637072 0.0
0.0 0.0 0.0 1.0

[00:00:02][DEBUG][nullEngine.object.component.FirstPersonCamera.mouseMoved(FirstPersonCamera.java:37)] -1
[00:00:02][DEBUG][nullEngine.object.component.FirstPersonCamera.getViewMatrix(FirstPersonCamera.java:23)] 
0.9669135 -0.0 -0.2537892 0.0
0.0 1.0 -0.0 0.0
0.2537892 0.0 0.9669135 0.0
0.0 0.0 0.0 1.0

[00:00:02][DEBUG][nullEngine.object.component.FirstPersonCamera.getViewMatrix(FirstPersonCamera.java:23)] 
0.9669135 -0.0 -0.2537892 0.0
0.0 1.0 -0.0 0.0
0.2537892 0.0 0.9669135 0.0
0.0 0.0 0.0 1.0

[00:00:02][DEBUG][nullEngine.object.component.FirstPersonCamera.getViewMatrix(FirstPersonCamera.java:23)] 
0.9669135 -0.0 -0.2537892 0.0
0.0 1.0 -0.0 0.0
0.2537892 0.0 0.9669135 0.0
0.0 0.0 0.0 1.0

[00:00:02][DEBUG][nullEngine.object.component.FirstPersonCamera.mouseMoved(FirstPersonCamera.java:37)] -1
[00:00:02][DEBUG][nullEngine.object.component.FirstPersonCamera.getViewMatrix(FirstPersonCamera.java:23)] 
0.96997386 -0.0 -0.2419526 0.0
0.0 1.0 -0.0 0.0
0.2419526 0.0 0.96997386 0.0
0.0 0.0 0.0 1.0

[00:00:02][DEBUG][nullEngine.object.component.FirstPersonCamera.mouseMoved(FirstPersonCamera.java:37)] -2
[00:00:02][DEBUG][nullEngine.object.component.FirstPersonCamera.getViewMatrix(FirstPersonCamera.java:23)] 
0.9756569 -0.0 -0.2181559 0.0
0.0 1.0 -0.0 0.0
0.2181559 0.0 0.9756569 0.0
0.0 0.0 0.0 1.0

[00:00:02][DEBUG][nullEngine.object.component.FirstPersonCamera.mouseMoved(FirstPersonCamera.java:37)] -1
[00:00:02][DEBUG][nullEngine.object.component.FirstPersonCamera.getViewMatrix(FirstPersonCamera.java:23)] 
0.9782765 -0.0 -0.20621781 0.0
0.0 1.0 -0.0 0.0
0.20621781 0.0 0.9782765 0.0
0.0 0.0 0.0 1.0

[00:00:02][DEBUG][nullEngine.object.component.FirstPersonCamera.getViewMatrix(FirstPersonCamera.java:23)] 
0.9782765 -0.0 -0.20621781 0.0
0.0 1.0 -0.0 0.0
0.20621781 0.0 0.9782765 0.0
0.0 0.0 0.0 1.0

[00:00:02][DEBUG][nullEngine.object.component.FirstPersonCamera.getViewMatrix(FirstPersonCamera.java:23)] 
0.9782765 -0.0 -0.20621781 0.0
0.0 1.0 -0.0 0.0
0.20621781 0.0 0.9782765 0.0
0.0 0.0 0.0 1.0

[00:00:02][DEBUG][nullEngine.object.component.FirstPersonCamera.getViewMatrix(FirstPersonCamera.java:23)] 
0.9782765 -0.0 -0.20621781 0.0
0.0 1.0 -0.0 0.0
0.20621781 0.0 0.9782765 0.0
0.0 0.0 0.0 1.0

[00:00:02][DEBUG][nullEngine.object.component.FirstPersonCamera.getViewMatrix(FirstPersonCamera.java:23)] 
0.9782765 -0.0 -0.20621781 0.0
0.0 1.0 -0.0 0.0
0.20621781 0.0 0.9782765 0.0
0.0 0.0 0.0 1.0

[00:00:02][DEBUG][nullEngine.object.component.FirstPersonCamera.getViewMatrix(FirstPersonCamera.java:23)] 
0.9782765 -0.0 -0.20621781 0.0
0.0 1.0 -0.0 0.0
0.20621781 0.0 0.9782765 0.0
0.0 0.0 0.0 1.0

[00:00:02][DEBUG][nullEngine.object.component.FirstPersonCamera.getViewMatrix(FirstPersonCamera.java:23)] 
0.9782765 -0.0 -0.20621781 0.0
0.0 1.0 -0.0 0.0
0.20621781 0.0 0.9782765 0.0
0.0 0.0 0.0 1.0

[00:00:02][DEBUG][nullEngine.object.component.FirstPersonCamera.getViewMatrix(FirstPersonCamera.java:23)] 
0.9782765 -0.0 -0.20621781 0.0
0.0 1.0 -0.0 0.0
0.20621781 0.0 0.9782765 0.0
0.0 0.0 0.0 1.0

[00:00:02][DEBUG][nullEngine.object.component.FirstPersonCamera.getViewMatrix(FirstPersonCamera.java:23)] 
0.9782765 -0.0 -0.20621781 0.0
0.0 1.0 -0.0 0.0
0.20621781 0.0 0.9782765 0.0
0.0 0.0 0.0 1.0

[00:00:02][DEBUG][nullEngine.object.component.FirstPersonCamera.mouseMoved(FirstPersonCamera.java:37)] -1
[00:00:02][DEBUG][nullEngine.object.component.FirstPersonCamera.getViewMatrix(FirstPersonCamera.java:23)] 
0.98074853 -0.0 -0.19424923 0.0
0.0 1.0 -0.0 0.0
0.19424923 0.0 0.98074853 0.0
0.0 0.0 0.0 1.0

[00:00:02][DEBUG][nullEngine.object.component.FirstPersonCamera.mouseMoved(FirstPersonCamera.java:37)] -1
[00:00:02][DEBUG][nullEngine.object.component.FirstPersonCamera.getViewMatrix(FirstPersonCamera.java:23)] 
0.9830725 -0.0 -0.18225196 0.0
0.0 1.0 -0.0 0.0
0.18225196 0.0 0.9830725 0.0
0.0 0.0 0.0 1.0

[00:00:02][DEBUG][nullEngine.object.component.FirstPersonCamera.mouseMoved(FirstPersonCamera.java:37)] 0
[00:00:02][DEBUG][nullEngine.object.component.FirstPersonCamera.getViewMatrix(FirstPersonCamera.java:23)] 
0.9830725 -0.0 -0.18225196 0.0
0.0 1.0 -0.0 0.0
0.18225196 0.0 0.9830725 0.0
0.0 0.0 0.0 1.0

[00:00:02][DEBUG][nullEngine.object.component.FirstPersonCamera.mouseMoved(FirstPersonCamera.java:37)] -1
[00:00:02][DEBUG][nullEngine.object.component.FirstPersonCamera.mouseMoved(FirstPersonCamera.java:37)] -1
[00:00:02][DEBUG][nullEngine.object.component.FirstPersonCamera.getViewMatrix(FirstPersonCamera.java:23)] 
0.9872753 -0.0 -0.15817878 0.0
0.0 1.0 -0.0 0.0
0.15817878 0.0 0.9872753 0.0
0.0 0.0 0.0 1.0

[00:00:02][DEBUG][nullEngine.object.component.FirstPersonCamera.mouseMoved(FirstPersonCamera.java:37)] -1
[00:00:02][DEBUG][nullEngine.object.component.FirstPersonCamera.getViewMatrix(FirstPersonCamera.java:23)] 
0.9891534 -0.0 -0.1461065 0.0
0.0 1.0 -0.0 0.0
0.1461065 0.0 0.9891534 0.0
0.0 0.0 0.0 1.0

[00:00:02][DEBUG][nullEngine.object.component.FirstPersonCamera.mouseMoved(FirstPersonCamera.java:37)] -1
[00:00:02][DEBUG][nullEngine.object.component.FirstPersonCamera.getViewMatrix(FirstPersonCamera.java:23)] 
0.99088234 -0.0 -0.1340129 0.0
0.0 1.0 -0.0 0.0
0.1340129 0.0 0.99088234 0.0
0.0 0.0 0.0 1.0

[00:00:02][DEBUG][nullEngine.object.component.FirstPersonCamera.mouseMoved(FirstPersonCamera.java:37)] -1
[00:00:02][DEBUG][nullEngine.object.component.FirstPersonCamera.getViewMatrix(FirstPersonCamera.java:23)] 
0.99246186 -0.0 -0.12189979 0.0
0.0 1.0 -0.0 0.0
0.12189979 0.0 0.99246186 0.0
0.0 0.0 0.0 1.0

[00:00:02][DEBUG][nullEngine.object.component.FirstPersonCamera.mouseMoved(FirstPersonCamera.java:37)] -1
[00:00:02][DEBUG][nullEngine.object.component.FirstPersonCamera.getViewMatrix(FirstPersonCamera.java:23)] 
0.9938917 -0.0 -0.10976905 0.0
0.0 1.0 -0.0 0.0
0.10976905 0.0 0.9938917 0.0
0.0 0.0 0.0 1.0

[00:00:02][DEBUG][nullEngine.object.component.FirstPersonCamera.mouseMoved(FirstPersonCamera.java:37)] -1
[00:00:02][DEBUG][nullEngine.object.component.FirstPersonCamera.mouseMoved(FirstPersonCamera.java:37)] 0
[00:00:02][DEBUG][nullEngine.object.component.FirstPersonCamera.getViewMatrix(FirstPersonCamera.java:23)] 
0.9951717 -0.0 -0.09762251 0.0
0.0 1.0 -0.0 0.0
0.09762251 0.0 0.9951717 0.0
0.0 0.0 0.0 1.0

[00:00:02][DEBUG][nullEngine.object.component.FirstPersonCamera.getViewMatrix(FirstPersonCamera.java:23)] 
0.9951717 -0.0 -0.09762251 0.0
0.0 1.0 -0.0 0.0
0.09762251 0.0 0.9951717 0.0
0.0 0.0 0.0 1.0

[00:00:02][DEBUG][nullEngine.object.component.FirstPersonCamera.getViewMatrix(FirstPersonCamera.java:23)] 
0.9951717 -0.0 -0.09762251 0.0
0.0 1.0 -0.0 0.0
0.09762251 0.0 0.9951717 0.0
0.0 0.0 0.0 1.0

[00:00:02][DEBUG][nullEngine.object.component.FirstPersonCamera.getViewMatrix(FirstPersonCamera.java:23)] 
0.9951717 -0.0 -0.09762251 0.0
0.0 1.0 -0.0 0.0
0.09762251 0.0 0.9951717 0.0
0.0 0.0 0.0 1.0

[00:00:02][DEBUG][nullEngine.object.component.FirstPersonCamera.getViewMatrix(FirstPersonCamera.java:23)] 
0.9951717 -0.0 -0.09762251 0.0
0.0 1.0 -0.0 0.0
0.09762251 0.0 0.9951717 0.0
0.0 0.0 0.0 1.0

[00:00:02][DEBUG][nullEngine.object.component.FirstPersonCamera.mouseMoved(FirstPersonCamera.java:37)] -1
[00:00:02][DEBUG][nullEngine.object.component.FirstPersonCamera.getViewMatrix(FirstPersonCamera.java:23)] 
0.99630165 -0.0 -0.08546203 0.0
0.0 1.0 -0.0 0.0
0.08546203 0.0 0.99630165 0.0
0.0 0.0 0.0 1.0

[00:00:02][DEBUG][nullEngine.object.component.FirstPersonCamera.mouseMoved(FirstPersonCamera.java:37)] -1
[00:00:02][DEBUG][nullEngine.object.component.FirstPersonCamera.getViewMatrix(FirstPersonCamera.java:23)] 
0.9972814 -0.0 -0.073289454 0.0
0.0 1.0 -0.0 0.0
0.073289454 0.0 0.9972814 0.0
0.0 0.0 0.0 1.0

[00:00:02][DEBUG][nullEngine.object.component.FirstPersonCamera.mouseMoved(FirstPersonCamera.java:37)] -1
[00:00:02][DEBUG][nullEngine.object.component.FirstPersonCamera.getViewMatrix(FirstPersonCamera.java:23)] 
0.99811083 -0.0 -0.06110664 0.0
0.0 1.0 -0.0 0.0
0.06110664 0.0 0.99811083 0.0
0.0 0.0 0.0 1.0

[00:00:02][DEBUG][nullEngine.object.component.FirstPersonCamera.getViewMatrix(FirstPersonCamera.java:23)] 
0.99811083 -0.0 -0.06110664 0.0
0.0 1.0 -0.0 0.0
0.06110664 0.0 0.99811083 0.0
0.0 0.0 0.0 1.0

[00:00:02][DEBUG][nullEngine.object.component.FirstPersonCamera.mouseMoved(FirstPersonCamera.java:37)] -1
[00:00:02][DEBUG][nullEngine.object.component.FirstPersonCamera.getViewMatrix(FirstPersonCamera.java:23)] 
0.9987898 -0.0 -0.048915453 0.0
0.0 1.0 -0.0 0.0
0.048915453 0.0 0.9987898 0.0
0.0 0.0 0.0 1.0

[00:00:02][DEBUG][nullEngine.object.component.FirstPersonCamera.getViewMatrix(FirstPersonCamera.java:23)] 
0.9987898 -0.0 -0.048915453 0.0
0.0 1.0 -0.0 0.0
0.048915453 0.0 0.9987898 0.0
0.0 0.0 0.0 1.0

[00:00:02][DEBUG][nullEngine.object.component.FirstPersonCamera.getViewMatrix(FirstPersonCamera.java:23)] 
0.9987898 -0.0 -0.048915453 0.0
0.0 1.0 -0.0 0.0
0.048915453 0.0 0.9987898 0.0
0.0 0.0 0.0 1.0

[00:00:02][DEBUG][nullEngine.object.component.FirstPersonCamera.getViewMatrix(FirstPersonCamera.java:23)] 
0.9987898 -0.0 -0.048915453 0.0
0.0 1.0 -0.0 0.0
0.048915453 0.0 0.9987898 0.0
0.0 0.0 0.0 1.0

[00:00:02][DEBUG][nullEngine.object.component.FirstPersonCamera.getViewMatrix(FirstPersonCamera.java:23)] 
0.9987898 -0.0 -0.048915453 0.0
0.0 1.0 -0.0 0.0
0.048915453 0.0 0.9987898 0.0
0.0 0.0 0.0 1.0

[00:00:02][DEBUG][nullEngine.object.component.FirstPersonCamera.getViewMatrix(FirstPersonCamera.java:23)] 
0.9987898 -0.0 -0.048915453 0.0
0.0 1.0 -0.0 0.0
0.048915453 0.0 0.9987898 0.0
0.0 0.0 0.0 1.0

[00:00:02][DEBUG][nullEngine.object.component.FirstPersonCamera.getViewMatrix(FirstPersonCamera.java:23)] 
0.9987898 -0.0 -0.048915453 0.0
0.0 1.0 -0.0 0.0
0.048915453 0.0 0.9987898 0.0
0.0 0.0 0.0 1.0

[00:00:02][DEBUG][nullEngine.object.component.FirstPersonCamera.getViewMatrix(FirstPersonCamera.java:23)] 
0.9987898 -0.0 -0.048915453 0.0
0.0 1.0 -0.0 0.0
0.048915453 0.0 0.9987898 0.0
0.0 0.0 0.0 1.0

[00:00:02][DEBUG][nullEngine.object.component.FirstPersonCamera.getViewMatrix(FirstPersonCamera.java:23)] 
0.9987898 -0.0 -0.048915453 0.0
0.0 1.0 -0.0 0.0
0.048915453 0.0 0.9987898 0.0
0.0 0.0 0.0 1.0

[00:00:02][DEBUG][nullEngine.object.component.FirstPersonCamera.getViewMatrix(FirstPersonCamera.java:23)] 
0.9987898 -0.0 -0.048915453 0.0
0.0 1.0 -0.0 0.0
0.048915453 0.0 0.9987898 0.0
0.0 0.0 0.0 1.0

[00:00:02][DEBUG][nullEngine.object.component.FirstPersonCamera.getViewMatrix(FirstPersonCamera.java:23)] 
0.9987898 -0.0 -0.048915453 0.0
0.0 1.0 -0.0 0.0
0.048915453 0.0 0.9987898 0.0
0.0 0.0 0.0 1.0

[00:00:02][DEBUG][nullEngine.object.component.FirstPersonCamera.getViewMatrix(FirstPersonCamera.java:23)] 
0.9987898 -0.0 -0.048915453 0.0
0.0 1.0 -0.0 0.0
0.048915453 0.0 0.9987898 0.0
0.0 0.0 0.0 1.0

[00:00:02][DEBUG][nullEngine.object.component.FirstPersonCamera.getViewMatrix(FirstPersonCamera.java:23)] 
0.9987898 -0.0 -0.048915453 0.0
0.0 1.0 -0.0 0.0
0.048915453 0.0 0.9987898 0.0
0.0 0.0 0.0 1.0

[00:00:02][DEBUG][nullEngine.object.component.FirstPersonCamera.getViewMatrix(FirstPersonCamera.java:23)] 
0.9987898 -0.0 -0.048915453 0.0
0.0 1.0 -0.0 0.0
0.048915453 0.0 0.9987898 0.0
0.0 0.0 0.0 1.0

[00:00:02][DEBUG][nullEngine.object.component.FirstPersonCamera.getViewMatrix(FirstPersonCamera.java:23)] 
0.9987898 -0.0 -0.048915453 0.0
0.0 1.0 -0.0 0.0
0.048915453 0.0 0.9987898 0.0
0.0 0.0 0.0 1.0

[00:00:02][DEBUG][nullEngine.object.component.FirstPersonCamera.getViewMatrix(FirstPersonCamera.java:23)] 
0.9987898 -0.0 -0.048915453 0.0
0.0 1.0 -0.0 0.0
0.048915453 0.0 0.9987898 0.0
0.0 0.0 0.0 1.0

[00:00:02][DEBUG][nullEngine.object.component.FirstPersonCamera.getViewMatrix(FirstPersonCamera.java:23)] 
0.9987898 -0.0 -0.048915453 0.0
0.0 1.0 -0.0 0.0
0.048915453 0.0 0.9987898 0.0
0.0 0.0 0.0 1.0

[00:00:02][DEBUG][nullEngine.object.component.FirstPersonCamera.getViewMatrix(FirstPersonCamera.java:23)] 
0.9987898 -0.0 -0.048915453 0.0
0.0 1.0 -0.0 0.0
0.048915453 0.0 0.9987898 0.0
0.0 0.0 0.0 1.0

[00:00:02][DEBUG][nullEngine.object.component.FirstPersonCamera.getViewMatrix(FirstPersonCamera.java:23)] 
0.9987898 -0.0 -0.048915453 0.0
0.0 1.0 -0.0 0.0
0.048915453 0.0 0.9987898 0.0
0.0 0.0 0.0 1.0

[00:00:02][DEBUG][nullEngine.object.component.FirstPersonCamera.getViewMatrix(FirstPersonCamera.java:23)] 
0.9987898 -0.0 -0.048915453 0.0
0.0 1.0 -0.0 0.0
0.048915453 0.0 0.9987898 0.0
0.0 0.0 0.0 1.0

[00:00:02][DEBUG][nullEngine.object.component.FirstPersonCamera.getViewMatrix(FirstPersonCamera.java:23)] 
0.9987898 -0.0 -0.048915453 0.0
0.0 1.0 -0.0 0.0
0.048915453 0.0 0.9987898 0.0
0.0 0.0 0.0 1.0

[00:00:02][DEBUG][nullEngine.object.component.FirstPersonCamera.getViewMatrix(FirstPersonCamera.java:23)] 
0.9987898 -0.0 -0.048915453 0.0
0.0 1.0 -0.0 0.0
0.048915453 0.0 0.9987898 0.0
0.0 0.0 0.0 1.0

[00:00:03][DEBUG][nullEngine.object.component.FirstPersonCamera.getViewMatrix(FirstPersonCamera.java:23)] 
0.9987898 -0.0 -0.048915453 0.0
0.0 1.0 -0.0 0.0
0.048915453 0.0 0.9987898 0.0
0.0 0.0 0.0 1.0

[00:00:03][DEBUG][nullEngine.object.component.FirstPersonCamera.getViewMatrix(FirstPersonCamera.java:23)] 
0.9987898 -0.0 -0.048915453 0.0
0.0 1.0 -0.0 0.0
0.048915453 0.0 0.9987898 0.0
0.0 0.0 0.0 1.0

[00:00:03][DEBUG][nullEngine.object.component.FirstPersonCamera.getViewMatrix(FirstPersonCamera.java:23)] 
0.9987898 -0.0 -0.048915453 0.0
0.0 1.0 -0.0 0.0
0.048915453 0.0 0.9987898 0.0
0.0 0.0 0.0 1.0

[00:00:03][DEBUG][nullEngine.object.component.FirstPersonCamera.getViewMatrix(FirstPersonCamera.java:23)] 
0.9987898 -0.0 -0.048915453 0.0
0.0 1.0 -0.0 0.0
0.048915453 0.0 0.9987898 0.0
0.0 0.0 0.0 1.0

[00:00:03][DEBUG][nullEngine.object.component.FirstPersonCamera.getViewMatrix(FirstPersonCamera.java:23)] 
0.9987898 -0.0 -0.048915453 0.0
0.0 1.0 -0.0 0.0
0.048915453 0.0 0.9987898 0.0
0.0 0.0 0.0 1.0

[00:00:03][DEBUG][nullEngine.object.component.FirstPersonCamera.getViewMatrix(FirstPersonCamera.java:23)] 
0.9987898 -0.0 -0.048915453 0.0
0.0 1.0 -0.0 0.0
0.048915453 0.0 0.9987898 0.0
0.0 0.0 0.0 1.0

