[00:00:00][DEBUG][nullEngine.util.logs.Logs.init(Logs.java:86)] Successfully initalized logs
[00:00:00][DEBUG][nullEngine.gl.Renderer.viewport(Renderer.java:25)] Viewport: 1280x720 @0, 0
[00:00:02][DEBUG][nullEngine.object.component.FirstPersonCamera.mouseMoved(FirstPersonCamera.java:38)] -1
[00:00:02][DEBUG][nullEngine.object.component.FirstPersonCamera.mouseMoved(FirstPersonCamera.java:40)] Quaternion(0.0, -0.008726535, 0.0, 0.9999619)
[00:00:02][DEBUG][nullEngine.object.component.FirstPersonCamera.mouseMoved(FirstPersonCamera.java:41)] 
0.9998477 -0.0 -0.017452406 0.0
0.0 1.0 -0.0 0.0
0.017452406 0.0 0.9998477 0.0
0.0 0.0 0.0 1.0

[00:00:02][DEBUG][nullEngine.object.component.FirstPersonCamera.mouseMoved(FirstPersonCamera.java:43)] 


[00:00:02][DEBUG][nullEngine.object.component.FirstPersonCamera.mouseMoved(FirstPersonCamera.java:38)] -3
[00:00:02][DEBUG][nullEngine.object.component.FirstPersonCamera.mouseMoved(FirstPersonCamera.java:40)] Quaternion(0.0, -0.0348995, 0.0, 0.99939084)
[00:00:02][DEBUG][nullEngine.object.component.FirstPersonCamera.mouseMoved(FirstPersonCamera.java:41)] 
0.9975641 -0.0 -0.06975648 0.0
0.0 1.0 -0.0 0.0
0.06975648 0.0 0.9975641 0.0
0.0 0.0 0.0 1.0

[00:00:02][DEBUG][nullEngine.object.component.FirstPersonCamera.mouseMoved(FirstPersonCamera.java:43)] 


[00:00:02][DEBUG][nullEngine.object.component.FirstPersonCamera.mouseMoved(FirstPersonCamera.java:38)] -4
[00:00:02][DEBUG][nullEngine.object.component.FirstPersonCamera.mouseMoved(FirstPersonCamera.java:40)] Quaternion(0.0, -0.06975648, 0.0, 0.9975641)
[00:00:02][DEBUG][nullEngine.object.component.FirstPersonCamera.mouseMoved(FirstPersonCamera.java:41)] 
0.99026805 -0.0 -0.13917312 0.0
0.0 1.0 -0.0 0.0
0.13917312 0.0 0.99026805 0.0
0.0 0.0 0.0 1.0

[00:00:02][DEBUG][nullEngine.object.component.FirstPersonCamera.mouseMoved(FirstPersonCamera.java:43)] 


[00:00:02][DEBUG][nullEngine.object.component.FirstPersonCamera.mouseMoved(FirstPersonCamera.java:38)] -3
[00:00:02][DEBUG][nullEngine.object.component.FirstPersonCamera.mouseMoved(FirstPersonCamera.java:40)] Quaternion(0.0, -0.09584576, 0.0, 0.99539626)
[00:00:02][DEBUG][nullEngine.object.component.FirstPersonCamera.mouseMoved(FirstPersonCamera.java:41)] 
0.98162717 -0.0 -0.19080903 0.0
0.0 1.0 -0.0 0.0
0.19080903 0.0 0.98162717 0.0
0.0 0.0 0.0 1.0

[00:00:02][DEBUG][nullEngine.object.component.FirstPersonCamera.mouseMoved(FirstPersonCamera.java:43)] 


[00:00:02][DEBUG][nullEngine.object.component.FirstPersonCamera.mouseMoved(FirstPersonCamera.java:38)] -4
[00:00:02][DEBUG][nullEngine.object.component.FirstPersonCamera.mouseMoved(FirstPersonCamera.java:40)] Quaternion(0.0, -0.1305262, 0.0, 0.99144495)
[00:00:02][DEBUG][nullEngine.object.component.FirstPersonCamera.mouseMoved(FirstPersonCamera.java:41)] 
0.9659258 -0.0 -0.25881907 0.0
0.0 1.0 -0.0 0.0
0.25881907 0.0 0.9659258 0.0
0.0 0.0 0.0 1.0

[00:00:02][DEBUG][nullEngine.object.component.FirstPersonCamera.mouseMoved(FirstPersonCamera.java:43)] 


[00:00:02][DEBUG][nullEngine.object.component.FirstPersonCamera.mouseMoved(FirstPersonCamera.java:38)] -2
[00:00:02][DEBUG][nullEngine.object.component.FirstPersonCamera.mouseMoved(FirstPersonCamera.java:40)] Quaternion(0.0, -0.14780942, 0.0, 0.989016)
[00:00:02][DEBUG][nullEngine.object.component.FirstPersonCamera.mouseMoved(FirstPersonCamera.java:41)] 
0.9563047 -0.0 -0.29237175 0.0
0.0 1.0 -0.0 0.0
0.29237175 0.0 0.9563047 0.0
0.0 0.0 0.0 1.0

[00:00:02][DEBUG][nullEngine.object.component.FirstPersonCamera.mouseMoved(FirstPersonCamera.java:43)] 


[00:00:02][DEBUG][nullEngine.object.component.FirstPersonCamera.mouseMoved(FirstPersonCamera.java:38)] -1
[00:00:02][DEBUG][nullEngine.object.component.FirstPersonCamera.mouseMoved(FirstPersonCamera.java:40)] Quaternion(0.0, -0.15643446, 0.0, 0.9876885)
[00:00:02][DEBUG][nullEngine.object.component.FirstPersonCamera.mouseMoved(FirstPersonCamera.java:41)] 
0.95105654 -0.0 -0.30901703 0.0
0.0 1.0 -0.0 0.0
0.30901703 0.0 0.95105654 0.0
0.0 0.0 0.0 1.0

[00:00:02][DEBUG][nullEngine.object.component.FirstPersonCamera.mouseMoved(FirstPersonCamera.java:43)] 


[00:00:02][DEBUG][nullEngine.object.component.FirstPersonCamera.mouseMoved(FirstPersonCamera.java:38)] -2
[00:00:02][DEBUG][nullEngine.object.component.FirstPersonCamera.mouseMoved(FirstPersonCamera.java:40)] Quaternion(0.0, -0.17364818, 0.0, 0.9848079)
[00:00:02][DEBUG][nullEngine.object.component.FirstPersonCamera.mouseMoved(FirstPersonCamera.java:41)] 
0.9396926 -0.0 -0.3420202 0.0
0.0 1.0 -0.0 0.0
0.3420202 0.0 0.9396926 0.0
0.0 0.0 0.0 1.0

[00:00:02][DEBUG][nullEngine.object.component.FirstPersonCamera.mouseMoved(FirstPersonCamera.java:43)] 


[00:00:02][DEBUG][nullEngine.object.component.FirstPersonCamera.mouseMoved(FirstPersonCamera.java:38)] -1
[00:00:02][DEBUG][nullEngine.object.component.FirstPersonCamera.mouseMoved(FirstPersonCamera.java:40)] Quaternion(0.0, -0.18223552, 0.0, 0.9832551)
[00:00:02][DEBUG][nullEngine.object.component.FirstPersonCamera.mouseMoved(FirstPersonCamera.java:41)] 
0.9335804 -0.0 -0.358368 0.0
0.0 1.0 -0.0 0.0
0.358368 0.0 0.9335804 0.0
0.0 0.0 0.0 1.0

[00:00:02][DEBUG][nullEngine.object.component.FirstPersonCamera.mouseMoved(FirstPersonCamera.java:43)] 


[00:00:02][DEBUG][nullEngine.object.component.FirstPersonCamera.mouseMoved(FirstPersonCamera.java:38)] -2
[00:00:02][DEBUG][nullEngine.object.component.FirstPersonCamera.mouseMoved(FirstPersonCamera.java:40)] Quaternion(0.0, -0.19936794, 0.0, 0.9799249)
[00:00:02][DEBUG][nullEngine.object.component.FirstPersonCamera.mouseMoved(FirstPersonCamera.java:41)] 
0.92050487 -0.0 -0.39073122 0.0
0.0 1.0 -0.0 0.0
0.39073122 0.0 0.92050487 0.0
0.0 0.0 0.0 1.0

[00:00:02][DEBUG][nullEngine.object.component.FirstPersonCamera.mouseMoved(FirstPersonCamera.java:43)] 


[00:00:02][DEBUG][nullEngine.object.component.FirstPersonCamera.mouseMoved(FirstPersonCamera.java:38)] -2
[00:00:02][DEBUG][nullEngine.object.component.FirstPersonCamera.mouseMoved(FirstPersonCamera.java:40)] Quaternion(0.0, -0.21643962, 0.0, 0.97629625)
[00:00:02][DEBUG][nullEngine.object.component.FirstPersonCamera.mouseMoved(FirstPersonCamera.java:41)] 
0.90630776 -0.0 -0.4226184 0.0
0.0 1.0 -0.0 0.0
0.4226184 0.0 0.90630776 0.0
0.0 0.0 0.0 1.0

[00:00:02][DEBUG][nullEngine.object.component.FirstPersonCamera.mouseMoved(FirstPersonCamera.java:43)] 


[00:00:02][DEBUG][nullEngine.object.component.FirstPersonCamera.mouseMoved(FirstPersonCamera.java:38)] -3
[00:00:02][DEBUG][nullEngine.object.component.FirstPersonCamera.mouseMoved(FirstPersonCamera.java:40)] Quaternion(0.0, -0.24192192, 0.0, 0.97029597)
[00:00:02][DEBUG][nullEngine.object.component.FirstPersonCamera.mouseMoved(FirstPersonCamera.java:41)] 
0.88294756 -0.0 -0.46947172 0.0
0.0 1.0 -0.0 0.0
0.46947172 0.0 0.88294756 0.0
0.0 0.0 0.0 1.0

[00:00:02][DEBUG][nullEngine.object.component.FirstPersonCamera.mouseMoved(FirstPersonCamera.java:43)] 


[00:00:02][DEBUG][nullEngine.object.component.FirstPersonCamera.mouseMoved(FirstPersonCamera.java:38)] -3
[00:00:02][DEBUG][nullEngine.object.component.FirstPersonCamera.mouseMoved(FirstPersonCamera.java:40)] Quaternion(0.0, -0.2672384, 0.0, 0.96363074)
[00:00:02][DEBUG][nullEngine.object.component.FirstPersonCamera.mouseMoved(FirstPersonCamera.java:41)] 
0.85716724 -0.0 -0.5150383 0.0
0.0 1.0 -0.0 0.0
0.5150383 0.0 0.85716724 0.0
0.0 0.0 0.0 1.0

[00:00:02][DEBUG][nullEngine.object.component.FirstPersonCamera.mouseMoved(FirstPersonCamera.java:43)] 


[00:00:02][DEBUG][nullEngine.object.component.FirstPersonCamera.mouseMoved(FirstPersonCamera.java:38)] -2
[00:00:02][DEBUG][nullEngine.object.component.FirstPersonCamera.mouseMoved(FirstPersonCamera.java:40)] Quaternion(0.0, -0.28401536, 0.0, 0.95882004)
[00:00:02][DEBUG][nullEngine.object.component.FirstPersonCamera.mouseMoved(FirstPersonCamera.java:41)] 
0.83867055 -0.0 -0.5446392 0.0
0.0 1.0 -0.0 0.0
0.5446392 0.0 0.83867055 0.0
0.0 0.0 0.0 1.0

[00:00:02][DEBUG][nullEngine.object.component.FirstPersonCamera.mouseMoved(FirstPersonCamera.java:43)] 


[00:00:02][DEBUG][nullEngine.object.component.FirstPersonCamera.mouseMoved(FirstPersonCamera.java:38)] -1
[00:00:02][DEBUG][nullEngine.object.component.FirstPersonCamera.mouseMoved(FirstPersonCamera.java:40)] Quaternion(0.0, -0.29237172, 0.0, 0.956305)
[00:00:02][DEBUG][nullEngine.object.component.FirstPersonCamera.mouseMoved(FirstPersonCamera.java:41)] 
0.82903755 -0.0 -0.5591931 0.0
0.0 1.0 -0.0 0.0
0.5591931 0.0 0.82903755 0.0
0.0 0.0 0.0 1.0

[00:00:02][DEBUG][nullEngine.object.component.FirstPersonCamera.mouseMoved(FirstPersonCamera.java:43)] 


[00:00:02][DEBUG][nullEngine.object.component.FirstPersonCamera.mouseMoved(FirstPersonCamera.java:38)] -1
[00:00:02][DEBUG][nullEngine.object.component.FirstPersonCamera.mouseMoved(FirstPersonCamera.java:40)] Quaternion(0.0, -0.3007058, 0.0, 0.95371723)
[00:00:02][DEBUG][nullEngine.object.component.FirstPersonCamera.mouseMoved(FirstPersonCamera.java:41)] 
0.81915206 -0.0 -0.57357657 0.0
0.0 1.0 -0.0 0.0
0.57357657 0.0 0.81915206 0.0
0.0 0.0 0.0 1.0

[00:00:02][DEBUG][nullEngine.object.component.FirstPersonCamera.mouseMoved(FirstPersonCamera.java:43)] 


[00:00:02][DEBUG][nullEngine.object.component.FirstPersonCamera.mouseMoved(FirstPersonCamera.java:38)] -1
[00:00:02][DEBUG][nullEngine.object.component.FirstPersonCamera.mouseMoved(FirstPersonCamera.java:40)] Quaternion(0.0, -0.309017, 0.0, 0.95105684)
[00:00:02][DEBUG][nullEngine.object.component.FirstPersonCamera.mouseMoved(FirstPersonCamera.java:41)] 
0.809017 -0.0 -0.5877855 0.0
0.0 1.0 -0.0 0.0
0.5877855 0.0 0.809017 0.0
0.0 0.0 0.0 1.0

[00:00:02][DEBUG][nullEngine.object.component.FirstPersonCamera.mouseMoved(FirstPersonCamera.java:43)] 


[00:00:02][DEBUG][nullEngine.object.component.FirstPersonCamera.mouseMoved(FirstPersonCamera.java:38)] -1
[00:00:02][DEBUG][nullEngine.object.component.FirstPersonCamera.mouseMoved(FirstPersonCamera.java:40)] Quaternion(0.0, -0.31730467, 0.0, 0.94832397)
[00:00:02][DEBUG][nullEngine.object.component.FirstPersonCamera.mouseMoved(FirstPersonCamera.java:41)] 
0.7986355 -0.0 -0.6018152 0.0
0.0 1.0 -0.0 0.0
0.6018152 0.0 0.7986355 0.0
0.0 0.0 0.0 1.0

[00:00:02][DEBUG][nullEngine.object.component.FirstPersonCamera.mouseMoved(FirstPersonCamera.java:43)] 


[00:00:02][DEBUG][nullEngine.object.component.FirstPersonCamera.mouseMoved(FirstPersonCamera.java:38)] -1
[00:00:02][DEBUG][nullEngine.object.component.FirstPersonCamera.mouseMoved(FirstPersonCamera.java:40)] Quaternion(0.0, -0.32556814, 0.0, 0.94551885)
[00:00:02][DEBUG][nullEngine.object.component.FirstPersonCamera.mouseMoved(FirstPersonCamera.java:41)] 
0.7880108 -0.0 -0.6156616 0.0
0.0 1.0 -0.0 0.0
0.6156616 0.0 0.7880108 0.0
0.0 0.0 0.0 1.0

[00:00:02][DEBUG][nullEngine.object.component.FirstPersonCamera.mouseMoved(FirstPersonCamera.java:43)] 


[00:00:02][DEBUG][nullEngine.object.component.FirstPersonCamera.mouseMoved(FirstPersonCamera.java:38)] -2
[00:00:02][DEBUG][nullEngine.object.component.FirstPersonCamera.mouseMoved(FirstPersonCamera.java:40)] Quaternion(0.0, -0.34202012, 0.0, 0.9396929)
[00:00:02][DEBUG][nullEngine.object.component.FirstPersonCamera.mouseMoved(FirstPersonCamera.java:41)] 
0.7660445 -0.0 -0.64278775 0.0
0.0 1.0 -0.0 0.0
0.64278775 0.0 0.7660445 0.0
0.0 0.0 0.0 1.0

[00:00:02][DEBUG][nullEngine.object.component.FirstPersonCamera.mouseMoved(FirstPersonCamera.java:43)] 


[00:00:02][DEBUG][nullEngine.object.component.FirstPersonCamera.mouseMoved(FirstPersonCamera.java:38)] -2
[00:00:02][DEBUG][nullEngine.object.component.FirstPersonCamera.mouseMoved(FirstPersonCamera.java:40)] Quaternion(0.0, -0.35836792, 0.0, 0.93358076)
[00:00:02][DEBUG][nullEngine.object.component.FirstPersonCamera.mouseMoved(FirstPersonCamera.java:41)] 
0.74314487 -0.0 -0.6691308 0.0
0.0 1.0 -0.0 0.0
0.6691308 0.0 0.74314487 0.0
0.0 0.0 0.0 1.0

[00:00:02][DEBUG][nullEngine.object.component.FirstPersonCamera.mouseMoved(FirstPersonCamera.java:43)] 


[00:00:02][DEBUG][nullEngine.object.component.FirstPersonCamera.mouseMoved(FirstPersonCamera.java:38)] -1
[00:00:02][DEBUG][nullEngine.object.component.FirstPersonCamera.mouseMoved(FirstPersonCamera.java:40)] Quaternion(0.0, -0.36650118, 0.0, 0.93041784)
[00:00:02][DEBUG][nullEngine.object.component.FirstPersonCamera.mouseMoved(FirstPersonCamera.java:41)] 
0.73135376 -0.0 -0.6819985 0.0
0.0 1.0 -0.0 0.0
0.6819985 0.0 0.73135376 0.0
0.0 0.0 0.0 1.0

[00:00:02][DEBUG][nullEngine.object.component.FirstPersonCamera.mouseMoved(FirstPersonCamera.java:43)] 


[00:00:02][DEBUG][nullEngine.object.component.FirstPersonCamera.mouseMoved(FirstPersonCamera.java:38)] -1
[00:00:02][DEBUG][nullEngine.object.component.FirstPersonCamera.mouseMoved(FirstPersonCamera.java:40)] Quaternion(0.0, -0.37460655, 0.0, 0.9271841)
[00:00:02][DEBUG][nullEngine.object.component.FirstPersonCamera.mouseMoved(FirstPersonCamera.java:41)] 
0.71933985 -0.0 -0.69465846 0.0
0.0 1.0 -0.0 0.0
0.69465846 0.0 0.71933985 0.0
0.0 0.0 0.0 1.0

[00:00:02][DEBUG][nullEngine.object.component.FirstPersonCamera.mouseMoved(FirstPersonCamera.java:43)] 


[00:00:02][DEBUG][nullEngine.object.component.FirstPersonCamera.mouseMoved(FirstPersonCamera.java:38)] -1
[00:00:02][DEBUG][nullEngine.object.component.FirstPersonCamera.mouseMoved(FirstPersonCamera.java:40)] Quaternion(0.0, -0.38268337, 0.0, 0.9238798)
[00:00:02][DEBUG][nullEngine.object.component.FirstPersonCamera.mouseMoved(FirstPersonCamera.java:41)] 
0.7071069 -0.0 -0.7071069 0.0
0.0 1.0 -0.0 0.0
0.7071069 0.0 0.7071069 0.0
0.0 0.0 0.0 1.0

[00:00:02][DEBUG][nullEngine.object.component.FirstPersonCamera.mouseMoved(FirstPersonCamera.java:43)] 


[00:00:02][DEBUG][nullEngine.object.component.FirstPersonCamera.mouseMoved(FirstPersonCamera.java:38)] 2
[00:00:02][DEBUG][nullEngine.object.component.FirstPersonCamera.mouseMoved(FirstPersonCamera.java:40)] Quaternion(0.0, -0.36650115, 0.0, 0.93041784)
[00:00:02][DEBUG][nullEngine.object.component.FirstPersonCamera.mouseMoved(FirstPersonCamera.java:41)] 
0.7313538 -0.0 -0.68199843 0.0
0.0 1.0 -0.0 0.0
0.68199843 0.0 0.7313538 0.0
0.0 0.0 0.0 1.0

[00:00:02][DEBUG][nullEngine.object.component.FirstPersonCamera.mouseMoved(FirstPersonCamera.java:43)] 


[00:00:02][DEBUG][nullEngine.object.component.FirstPersonCamera.mouseMoved(FirstPersonCamera.java:38)] 2
[00:00:02][DEBUG][nullEngine.object.component.FirstPersonCamera.mouseMoved(FirstPersonCamera.java:40)] Quaternion(0.0, -0.3502073, 0.0, 0.9366725)
[00:00:02][DEBUG][nullEngine.object.component.FirstPersonCamera.mouseMoved(FirstPersonCamera.java:41)] 
0.7547097 -0.0 -0.6560591 0.0
0.0 1.0 -0.0 0.0
0.6560591 0.0 0.7547097 0.0
0.0 0.0 0.0 1.0

[00:00:02][DEBUG][nullEngine.object.component.FirstPersonCamera.mouseMoved(FirstPersonCamera.java:43)] 


[00:00:02][DEBUG][nullEngine.object.component.FirstPersonCamera.mouseMoved(FirstPersonCamera.java:38)] 1
[00:00:02][DEBUG][nullEngine.object.component.FirstPersonCamera.mouseMoved(FirstPersonCamera.java:40)] Quaternion(0.0, -0.34202003, 0.0, 0.9396929)
[00:00:02][DEBUG][nullEngine.object.component.FirstPersonCamera.mouseMoved(FirstPersonCamera.java:41)] 
0.7660446 -0.0 -0.64278764 0.0
0.0 1.0 -0.0 0.0
0.64278764 0.0 0.7660446 0.0
0.0 0.0 0.0 1.0

[00:00:02][DEBUG][nullEngine.object.component.FirstPersonCamera.mouseMoved(FirstPersonCamera.java:43)] 


[00:00:02][DEBUG][nullEngine.object.component.FirstPersonCamera.mouseMoved(FirstPersonCamera.java:38)] 1
[00:00:02][DEBUG][nullEngine.object.component.FirstPersonCamera.mouseMoved(FirstPersonCamera.java:40)] Quaternion(0.0, -0.33380675, 0.0, 0.9426418)
[00:00:02][DEBUG][nullEngine.object.component.FirstPersonCamera.mouseMoved(FirstPersonCamera.java:41)] 
0.7771461 -0.0 -0.6293204 0.0
0.0 1.0 -0.0 0.0
0.6293204 0.0 0.7771461 0.0
0.0 0.0 0.0 1.0

[00:00:02][DEBUG][nullEngine.object.component.FirstPersonCamera.mouseMoved(FirstPersonCamera.java:43)] 


[00:00:02][DEBUG][nullEngine.object.component.FirstPersonCamera.mouseMoved(FirstPersonCamera.java:38)] 1
[00:00:02][DEBUG][nullEngine.object.component.FirstPersonCamera.mouseMoved(FirstPersonCamera.java:40)] Quaternion(0.0, -0.32556802, 0.0, 0.9455189)
[00:00:02][DEBUG][nullEngine.object.component.FirstPersonCamera.mouseMoved(FirstPersonCamera.java:41)] 
0.78801095 -0.0 -0.61566144 0.0
0.0 1.0 -0.0 0.0
0.61566144 0.0 0.78801095 0.0
0.0 0.0 0.0 1.0

[00:00:02][DEBUG][nullEngine.object.component.FirstPersonCamera.mouseMoved(FirstPersonCamera.java:43)] 


[00:00:02][DEBUG][nullEngine.object.component.FirstPersonCamera.mouseMoved(FirstPersonCamera.java:38)] 1
[00:00:02][DEBUG][nullEngine.object.component.FirstPersonCamera.mouseMoved(FirstPersonCamera.java:40)] Quaternion(0.0, -0.31730452, 0.0, 0.94832397)
[00:00:02][DEBUG][nullEngine.object.component.FirstPersonCamera.mouseMoved(FirstPersonCamera.java:41)] 
0.79863566 -0.0 -0.601815 0.0
0.0 1.0 -0.0 0.0
0.601815 0.0 0.79863566 0.0
0.0 0.0 0.0 1.0

[00:00:02][DEBUG][nullEngine.object.component.FirstPersonCamera.mouseMoved(FirstPersonCamera.java:43)] 


[00:00:02][DEBUG][nullEngine.object.component.FirstPersonCamera.mouseMoved(FirstPersonCamera.java:38)] 2
[00:00:02][DEBUG][nullEngine.object.component.FirstPersonCamera.mouseMoved(FirstPersonCamera.java:40)] Quaternion(0.0, -0.30070567, 0.0, 0.9537173)
[00:00:02][DEBUG][nullEngine.object.component.FirstPersonCamera.mouseMoved(FirstPersonCamera.java:41)] 
0.8191522 -0.0 -0.5735764 0.0
0.0 1.0 -0.0 0.0
0.5735764 0.0 0.8191522 0.0
0.0 0.0 0.0 1.0

[00:00:02][DEBUG][nullEngine.object.component.FirstPersonCamera.mouseMoved(FirstPersonCamera.java:43)] 


[00:00:02][DEBUG][nullEngine.object.component.FirstPersonCamera.mouseMoved(FirstPersonCamera.java:38)] 1
[00:00:02][DEBUG][nullEngine.object.component.FirstPersonCamera.mouseMoved(FirstPersonCamera.java:40)] Quaternion(0.0, -0.29237157, 0.0, 0.9563051)
[00:00:02][DEBUG][nullEngine.object.component.FirstPersonCamera.mouseMoved(FirstPersonCamera.java:41)] 
0.8290377 -0.0 -0.55919284 0.0
0.0 1.0 -0.0 0.0
0.55919284 0.0 0.8290377 0.0
0.0 0.0 0.0 1.0

[00:00:02][DEBUG][nullEngine.object.component.FirstPersonCamera.mouseMoved(FirstPersonCamera.java:43)] 


[00:00:02][DEBUG][nullEngine.object.component.FirstPersonCamera.mouseMoved(FirstPersonCamera.java:38)] 1
[00:00:02][DEBUG][nullEngine.object.component.FirstPersonCamera.mouseMoved(FirstPersonCamera.java:40)] Quaternion(0.0, -0.2840152, 0.0, 0.95882004)
[00:00:02][DEBUG][nullEngine.object.component.FirstPersonCamera.mouseMoved(FirstPersonCamera.java:41)] 
0.83867073 -0.0 -0.54463893 0.0
0.0 1.0 -0.0 0.0
0.54463893 0.0 0.83867073 0.0
0.0 0.0 0.0 1.0

[00:00:02][DEBUG][nullEngine.object.component.FirstPersonCamera.mouseMoved(FirstPersonCamera.java:43)] 


[00:00:03][DEBUG][nullEngine.object.component.FirstPersonCamera.mouseMoved(FirstPersonCamera.java:38)] 1
[00:00:03][DEBUG][nullEngine.object.component.FirstPersonCamera.mouseMoved(FirstPersonCamera.java:40)] Quaternion(0.0, -0.2756372, 0.0, 0.961262)
[00:00:03][DEBUG][nullEngine.object.component.FirstPersonCamera.mouseMoved(FirstPersonCamera.java:41)] 
0.84804827 -0.0 -0.52991915 0.0
0.0 1.0 -0.0 0.0
0.52991915 0.0 0.84804827 0.0
0.0 0.0 0.0 1.0

[00:00:03][DEBUG][nullEngine.object.component.FirstPersonCamera.mouseMoved(FirstPersonCamera.java:43)] 


[00:00:03][DEBUG][nullEngine.object.component.FirstPersonCamera.mouseMoved(FirstPersonCamera.java:38)] 1
[00:00:03][DEBUG][nullEngine.object.component.FirstPersonCamera.mouseMoved(FirstPersonCamera.java:40)] Quaternion(0.0, -0.26723823, 0.0, 0.96363074)
[00:00:03][DEBUG][nullEngine.object.component.FirstPersonCamera.mouseMoved(FirstPersonCamera.java:41)] 
0.8571675 -0.0 -0.51503795 0.0
0.0 1.0 -0.0 0.0
0.51503795 0.0 0.8571675 0.0
0.0 0.0 0.0 1.0

[00:00:03][DEBUG][nullEngine.object.component.FirstPersonCamera.mouseMoved(FirstPersonCamera.java:43)] 


[00:00:03][DEBUG][nullEngine.object.component.FirstPersonCamera.mouseMoved(FirstPersonCamera.java:38)] 1
[00:00:03][DEBUG][nullEngine.object.component.FirstPersonCamera.mouseMoved(FirstPersonCamera.java:40)] Quaternion(0.0, -0.25881886, 0.0, 0.9659261)
[00:00:03][DEBUG][nullEngine.object.component.FirstPersonCamera.mouseMoved(FirstPersonCamera.java:41)] 
0.86602557 -0.0 -0.4999998 0.0
0.0 1.0 -0.0 0.0
0.4999998 0.0 0.86602557 0.0
0.0 0.0 0.0 1.0

[00:00:03][DEBUG][nullEngine.object.component.FirstPersonCamera.mouseMoved(FirstPersonCamera.java:43)] 


[00:00:03][DEBUG][nullEngine.object.component.FirstPersonCamera.mouseMoved(FirstPersonCamera.java:38)] 1
[00:00:03][DEBUG][nullEngine.object.component.FirstPersonCamera.mouseMoved(FirstPersonCamera.java:40)] Quaternion(0.0, -0.2503798, 0.0, 0.96814793)
[00:00:03][DEBUG][nullEngine.object.component.FirstPersonCamera.mouseMoved(FirstPersonCamera.java:41)] 
0.8746199 -0.0 -0.48480937 0.0
0.0 1.0 -0.0 0.0
0.48480937 0.0 0.8746199 0.0
0.0 0.0 0.0 1.0

[00:00:03][DEBUG][nullEngine.object.component.FirstPersonCamera.mouseMoved(FirstPersonCamera.java:43)] 


[00:00:03][DEBUG][nullEngine.object.component.FirstPersonCamera.mouseMoved(FirstPersonCamera.java:38)] 1
[00:00:03][DEBUG][nullEngine.object.component.FirstPersonCamera.mouseMoved(FirstPersonCamera.java:40)] Quaternion(0.0, -0.2419217, 0.0, 0.97029597)
[00:00:03][DEBUG][nullEngine.object.component.FirstPersonCamera.mouseMoved(FirstPersonCamera.java:41)] 
0.8829478 -0.0 -0.46947128 0.0
0.0 1.0 -0.0 0.0
0.46947128 0.0 0.8829478 0.0
0.0 0.0 0.0 1.0

[00:00:03][DEBUG][nullEngine.object.component.FirstPersonCamera.mouseMoved(FirstPersonCamera.java:43)] 


[00:00:03][DEBUG][nullEngine.object.component.FirstPersonCamera.mouseMoved(FirstPersonCamera.java:38)] 1
[00:00:03][DEBUG][nullEngine.object.component.FirstPersonCamera.mouseMoved(FirstPersonCamera.java:40)] Quaternion(0.0, -0.23344517, 0.0, 0.97237015)
[00:00:03][DEBUG][nullEngine.object.component.FirstPersonCamera.mouseMoved(FirstPersonCamera.java:41)] 
0.8910067 -0.0 -0.45399022 0.0
0.0 1.0 -0.0 0.0
0.45399022 0.0 0.8910067 0.0
0.0 0.0 0.0 1.0

[00:00:03][DEBUG][nullEngine.object.component.FirstPersonCamera.mouseMoved(FirstPersonCamera.java:43)] 


[00:00:03][DEBUG][nullEngine.object.component.FirstPersonCamera.mouseMoved(FirstPersonCamera.java:38)] 1
[00:00:03][DEBUG][nullEngine.object.component.FirstPersonCamera.mouseMoved(FirstPersonCamera.java:40)] Quaternion(0.0, -0.22495085, 0.0, 0.9743703)
[00:00:03][DEBUG][nullEngine.object.component.FirstPersonCamera.mouseMoved(FirstPersonCamera.java:41)] 
0.89879423 -0.0 -0.43837085 0.0
0.0 1.0 -0.0 0.0
0.43837085 0.0 0.89879423 0.0
0.0 0.0 0.0 1.0

[00:00:03][DEBUG][nullEngine.object.component.FirstPersonCamera.mouseMoved(FirstPersonCamera.java:43)] 


[00:00:03][DEBUG][nullEngine.object.component.FirstPersonCamera.mouseMoved(FirstPersonCamera.java:38)] 1
[00:00:03][DEBUG][nullEngine.object.component.FirstPersonCamera.mouseMoved(FirstPersonCamera.java:40)] Quaternion(0.0, -0.21643941, 0.0, 0.9762962)
[00:00:03][DEBUG][nullEngine.object.component.FirstPersonCamera.mouseMoved(FirstPersonCamera.java:41)] 
0.90630794 -0.0 -0.42261794 0.0
0.0 1.0 -0.0 0.0
0.42261794 0.0 0.90630794 0.0
0.0 0.0 0.0 1.0

[00:00:03][DEBUG][nullEngine.object.component.FirstPersonCamera.mouseMoved(FirstPersonCamera.java:43)] 


[00:00:03][DEBUG][nullEngine.object.component.FirstPersonCamera.mouseMoved(FirstPersonCamera.java:38)] 1
[00:00:03][DEBUG][nullEngine.object.component.FirstPersonCamera.mouseMoved(FirstPersonCamera.java:40)] Quaternion(0.0, -0.20791149, 0.0, 0.97814775)
[00:00:03][DEBUG][nullEngine.object.component.FirstPersonCamera.mouseMoved(FirstPersonCamera.java:41)] 
0.9135456 -0.0 -0.4067363 0.0
0.0 1.0 -0.0 0.0
0.4067363 0.0 0.9135456 0.0
0.0 0.0 0.0 1.0

[00:00:03][DEBUG][nullEngine.object.component.FirstPersonCamera.mouseMoved(FirstPersonCamera.java:43)] 


[00:00:03][DEBUG][nullEngine.object.component.FirstPersonCamera.mouseMoved(FirstPersonCamera.java:38)] 1
[00:00:03][DEBUG][nullEngine.object.component.FirstPersonCamera.mouseMoved(FirstPersonCamera.java:40)] Quaternion(0.0, -0.19936773, 0.0, 0.97992486)
[00:00:03][DEBUG][nullEngine.object.component.FirstPersonCamera.mouseMoved(FirstPersonCamera.java:41)] 
0.92050505 -0.0 -0.3907308 0.0
0.0 1.0 -0.0 0.0
0.3907308 0.0 0.92050505 0.0
0.0 0.0 0.0 1.0

[00:00:03][DEBUG][nullEngine.object.component.FirstPersonCamera.mouseMoved(FirstPersonCamera.java:43)] 


[00:00:03][DEBUG][nullEngine.object.component.FirstPersonCamera.mouseMoved(FirstPersonCamera.java:38)] 2
[00:00:03][DEBUG][nullEngine.object.component.FirstPersonCamera.mouseMoved(FirstPersonCamera.java:40)] Quaternion(0.0, -0.18223532, 0.0, 0.983255)
[00:00:03][DEBUG][nullEngine.object.component.FirstPersonCamera.mouseMoved(FirstPersonCamera.java:41)] 
0.9335806 -0.0 -0.3583676 0.0
0.0 1.0 -0.0 0.0
0.3583676 0.0 0.9335806 0.0
0.0 0.0 0.0 1.0

[00:00:03][DEBUG][nullEngine.object.component.FirstPersonCamera.mouseMoved(FirstPersonCamera.java:43)] 


[00:00:03][DEBUG][nullEngine.object.component.FirstPersonCamera.mouseMoved(FirstPersonCamera.java:38)] 3
[00:00:03][DEBUG][nullEngine.object.component.FirstPersonCamera.mouseMoved(FirstPersonCamera.java:40)] Quaternion(0.0, -0.15643425, 0.0, 0.9876884)
[00:00:03][DEBUG][nullEngine.object.component.FirstPersonCamera.mouseMoved(FirstPersonCamera.java:41)] 
0.95105666 -0.0 -0.30901662 0.0
0.0 1.0 -0.0 0.0
0.30901662 0.0 0.95105666 0.0
0.0 0.0 0.0 1.0

[00:00:03][DEBUG][nullEngine.object.component.FirstPersonCamera.mouseMoved(FirstPersonCamera.java:43)] 


[00:00:03][DEBUG][nullEngine.object.component.FirstPersonCamera.mouseMoved(FirstPersonCamera.java:38)] 1
[00:00:03][DEBUG][nullEngine.object.component.FirstPersonCamera.mouseMoved(FirstPersonCamera.java:40)] Quaternion(0.0, -0.14780919, 0.0, 0.98901594)
[00:00:03][DEBUG][nullEngine.object.component.FirstPersonCamera.mouseMoved(FirstPersonCamera.java:41)] 
0.9563049 -0.0 -0.2923713 0.0
0.0 1.0 -0.0 0.0
0.2923713 0.0 0.9563049 0.0
0.0 0.0 0.0 1.0

[00:00:03][DEBUG][nullEngine.object.component.FirstPersonCamera.mouseMoved(FirstPersonCamera.java:43)] 


[00:00:03][DEBUG][nullEngine.object.component.FirstPersonCamera.mouseMoved(FirstPersonCamera.java:38)] 1
[00:00:03][DEBUG][nullEngine.object.component.FirstPersonCamera.mouseMoved(FirstPersonCamera.java:40)] Quaternion(0.0, -0.13917288, 0.0, 0.9902681)
[00:00:03][DEBUG][nullEngine.object.component.FirstPersonCamera.mouseMoved(FirstPersonCamera.java:41)] 
0.9612618 -0.0 -0.27563694 0.0
0.0 1.0 -0.0 0.0
0.27563694 0.0 0.9612618 0.0
0.0 0.0 0.0 1.0

[00:00:03][DEBUG][nullEngine.object.component.FirstPersonCamera.mouseMoved(FirstPersonCamera.java:43)] 


[00:00:03][DEBUG][nullEngine.object.component.FirstPersonCamera.mouseMoved(FirstPersonCamera.java:38)] 2
[00:00:03][DEBUG][nullEngine.object.component.FirstPersonCamera.mouseMoved(FirstPersonCamera.java:40)] Quaternion(0.0, -0.12186913, 0.0, 0.9925462)
[00:00:03][DEBUG][nullEngine.object.component.FirstPersonCamera.mouseMoved(FirstPersonCamera.java:41)] 
0.97029585 -0.0 -0.24192148 0.0
0.0 1.0 -0.0 0.0
0.24192148 0.0 0.97029585 0.0
0.0 0.0 0.0 1.0

[00:00:03][DEBUG][nullEngine.object.component.FirstPersonCamera.mouseMoved(FirstPersonCamera.java:43)] 


[00:00:03][DEBUG][nullEngine.object.component.FirstPersonCamera.mouseMoved(FirstPersonCamera.java:38)] 1
[00:00:03][DEBUG][nullEngine.object.component.FirstPersonCamera.mouseMoved(FirstPersonCamera.java:40)] Quaternion(0.0, -0.113203004, 0.0, 0.9935719)
[00:00:03][DEBUG][nullEngine.object.component.FirstPersonCamera.mouseMoved(FirstPersonCamera.java:41)] 
0.9743702 -0.0 -0.22495064 0.0
0.0 1.0 -0.0 0.0
0.22495064 0.0 0.9743702 0.0
0.0 0.0 0.0 1.0

[00:00:03][DEBUG][nullEngine.object.component.FirstPersonCamera.mouseMoved(FirstPersonCamera.java:43)] 


[00:00:03][DEBUG][nullEngine.object.component.FirstPersonCamera.mouseMoved(FirstPersonCamera.java:38)] 1
[00:00:03][DEBUG][nullEngine.object.component.FirstPersonCamera.mouseMoved(FirstPersonCamera.java:40)] Quaternion(0.0, -0.10452825, 0.0, 0.9945219)
[00:00:03][DEBUG][nullEngine.object.component.FirstPersonCamera.mouseMoved(FirstPersonCamera.java:41)] 
0.9781477 -0.0 -0.20791127 0.0
0.0 1.0 -0.0 0.0
0.20791127 0.0 0.9781477 0.0
0.0 0.0 0.0 1.0

[00:00:03][DEBUG][nullEngine.object.component.FirstPersonCamera.mouseMoved(FirstPersonCamera.java:43)] 


[00:00:04][DEBUG][nullEngine.object.component.FirstPersonCamera.mouseMoved(FirstPersonCamera.java:38)] 1
[00:00:04][DEBUG][nullEngine.object.component.FirstPersonCamera.mouseMoved(FirstPersonCamera.java:40)] Quaternion(0.0, -0.095845535, 0.0, 0.99539626)
[00:00:04][DEBUG][nullEngine.object.component.FirstPersonCamera.mouseMoved(FirstPersonCamera.java:41)] 
0.9816273 -0.0 -0.19080858 0.0
0.0 1.0 -0.0 0.0
0.19080858 0.0 0.9816273 0.0
0.0 0.0 0.0 1.0

[00:00:04][DEBUG][nullEngine.object.component.FirstPersonCamera.mouseMoved(FirstPersonCamera.java:43)] 


[00:00:04][DEBUG][nullEngine.object.component.FirstPersonCamera.mouseMoved(FirstPersonCamera.java:38)] 2
[00:00:04][DEBUG][nullEngine.object.component.FirstPersonCamera.mouseMoved(FirstPersonCamera.java:40)] Quaternion(0.0, -0.07845888, 0.0, 0.9969174)
[00:00:04][DEBUG][nullEngine.object.component.FirstPersonCamera.mouseMoved(FirstPersonCamera.java:41)] 
0.9876884 -0.0 -0.15643406 0.0
0.0 1.0 -0.0 0.0
0.15643406 0.0 0.9876884 0.0
0.0 0.0 0.0 1.0

[00:00:04][DEBUG][nullEngine.object.component.FirstPersonCamera.mouseMoved(FirstPersonCamera.java:43)] 


[00:00:04][DEBUG][nullEngine.object.component.FirstPersonCamera.mouseMoved(FirstPersonCamera.java:38)] 2
[00:00:04][DEBUG][nullEngine.object.component.FirstPersonCamera.mouseMoved(FirstPersonCamera.java:40)] Quaternion(0.0, -0.061048325, 0.0, 0.9981349)
[00:00:04][DEBUG][nullEngine.object.component.FirstPersonCamera.mouseMoved(FirstPersonCamera.java:41)] 
0.9925462 -0.0 -0.12186893 0.0
0.0 1.0 -0.0 0.0
0.12186893 0.0 0.9925462 0.0
0.0 0.0 0.0 1.0

[00:00:04][DEBUG][nullEngine.object.component.FirstPersonCamera.mouseMoved(FirstPersonCamera.java:43)] 


[00:00:04][DEBUG][nullEngine.object.component.FirstPersonCamera.mouseMoved(FirstPersonCamera.java:38)] 1
[00:00:04][DEBUG][nullEngine.object.component.FirstPersonCamera.mouseMoved(FirstPersonCamera.java:40)] Quaternion(0.0, -0.05233574, 0.0, 0.9986296)
[00:00:04][DEBUG][nullEngine.object.component.FirstPersonCamera.mouseMoved(FirstPersonCamera.java:41)] 
0.9945219 -0.0 -0.10452804 0.0
0.0 1.0 -0.0 0.0
0.10452804 0.0 0.9945219 0.0
0.0 0.0 0.0 1.0

[00:00:04][DEBUG][nullEngine.object.component.FirstPersonCamera.mouseMoved(FirstPersonCamera.java:43)] 


[00:00:04][DEBUG][nullEngine.object.component.FirstPersonCamera.mouseMoved(FirstPersonCamera.java:38)] 1
[00:00:04][DEBUG][nullEngine.object.component.FirstPersonCamera.mouseMoved(FirstPersonCamera.java:40)] Quaternion(0.0, -0.04361917, 0.0, 0.9990483)
[00:00:04][DEBUG][nullEngine.object.component.FirstPersonCamera.mouseMoved(FirstPersonCamera.java:41)] 
0.9961947 -0.0 -0.08715532 0.0
0.0 1.0 -0.0 0.0
0.08715532 0.0 0.9961947 0.0
0.0 0.0 0.0 1.0

[00:00:04][DEBUG][nullEngine.object.component.FirstPersonCamera.mouseMoved(FirstPersonCamera.java:43)] 


[00:00:04][DEBUG][nullEngine.object.component.FirstPersonCamera.mouseMoved(FirstPersonCamera.java:38)] 1
[00:00:04][DEBUG][nullEngine.object.component.FirstPersonCamera.mouseMoved(FirstPersonCamera.java:40)] Quaternion(0.0, -0.03489928, 0.0, 0.9993909)
[00:00:04][DEBUG][nullEngine.object.component.FirstPersonCamera.mouseMoved(FirstPersonCamera.java:41)] 
0.9975641 -0.0 -0.069756046 0.0
0.0 1.0 -0.0 0.0
0.069756046 0.0 0.9975641 0.0
0.0 0.0 0.0 1.0

[00:00:04][DEBUG][nullEngine.object.component.FirstPersonCamera.mouseMoved(FirstPersonCamera.java:43)] 


[00:00:04][DEBUG][nullEngine.object.component.FirstPersonCamera.mouseMoved(FirstPersonCamera.java:38)] 2
[00:00:04][DEBUG][nullEngine.object.component.FirstPersonCamera.mouseMoved(FirstPersonCamera.java:40)] Quaternion(0.0, -0.017452188, 0.0, 0.9998478)
[00:00:04][DEBUG][nullEngine.object.component.FirstPersonCamera.mouseMoved(FirstPersonCamera.java:41)] 
0.99939084 -0.0 -0.034899063 0.0
0.0 1.0 -0.0 0.0
0.034899063 0.0 0.99939084 0.0
0.0 0.0 0.0 1.0

[00:00:04][DEBUG][nullEngine.object.component.FirstPersonCamera.mouseMoved(FirstPersonCamera.java:43)] 


[00:00:04][DEBUG][nullEngine.object.component.FirstPersonCamera.mouseMoved(FirstPersonCamera.java:38)] 2
[00:00:04][DEBUG][nullEngine.object.component.FirstPersonCamera.mouseMoved(FirstPersonCamera.java:40)] Quaternion(0.0, 2.1979213E-7, 0.0, 1.0000001)
[00:00:04][DEBUG][nullEngine.object.component.FirstPersonCamera.mouseMoved(FirstPersonCamera.java:41)] 
1.0 0.0 4.395843E-7 0.0
0.0 1.0 0.0 0.0
-4.395843E-7 0.0 1.0 0.0
0.0 0.0 0.0 1.0

[00:00:04][DEBUG][nullEngine.object.component.FirstPersonCamera.mouseMoved(FirstPersonCamera.java:43)] 


[00:00:04][DEBUG][nullEngine.object.component.FirstPersonCamera.mouseMoved(FirstPersonCamera.java:38)] 1
[00:00:04][DEBUG][nullEngine.object.component.FirstPersonCamera.mouseMoved(FirstPersonCamera.java:40)] Quaternion(0.0, 0.008726756, 0.0, 0.99996203)
[00:00:04][DEBUG][nullEngine.object.component.FirstPersonCamera.mouseMoved(FirstPersonCamera.java:41)] 
0.9998477 0.0 0.01745285 0.0
0.0 1.0 0.0 0.0
-0.01745285 0.0 0.9998477 0.0
0.0 0.0 0.0 1.0

[00:00:04][DEBUG][nullEngine.object.component.FirstPersonCamera.mouseMoved(FirstPersonCamera.java:43)] 


[00:00:04][DEBUG][nullEngine.object.component.FirstPersonCamera.mouseMoved(FirstPersonCamera.java:38)] 2
[00:00:04][DEBUG][nullEngine.object.component.FirstPersonCamera.mouseMoved(FirstPersonCamera.java:40)] Quaternion(0.0, 0.02617717, 0.0, 0.99965745)
[00:00:04][DEBUG][nullEngine.object.component.FirstPersonCamera.mouseMoved(FirstPersonCamera.java:41)] 
0.9986295 0.0 0.052336406 0.0
0.0 1.0 0.0 0.0
-0.052336406 0.0 0.9986295 0.0
0.0 0.0 0.0 1.0

[00:00:04][DEBUG][nullEngine.object.component.FirstPersonCamera.mouseMoved(FirstPersonCamera.java:43)] 


[00:00:04][DEBUG][nullEngine.object.component.FirstPersonCamera.mouseMoved(FirstPersonCamera.java:38)] 1
[00:00:04][DEBUG][nullEngine.object.component.FirstPersonCamera.mouseMoved(FirstPersonCamera.java:40)] Quaternion(0.0, 0.03489972, 0.0, 0.9993909)
[00:00:04][DEBUG][nullEngine.object.component.FirstPersonCamera.mouseMoved(FirstPersonCamera.java:41)] 
0.997564 0.0 0.069756925 0.0
0.0 1.0 0.0 0.0
-0.069756925 0.0 0.997564 0.0
0.0 0.0 0.0 1.0

[00:00:04][DEBUG][nullEngine.object.component.FirstPersonCamera.mouseMoved(FirstPersonCamera.java:43)] 


[00:00:04][DEBUG][nullEngine.object.component.FirstPersonCamera.mouseMoved(FirstPersonCamera.java:38)] 1
[00:00:04][DEBUG][nullEngine.object.component.FirstPersonCamera.mouseMoved(FirstPersonCamera.java:40)] Quaternion(0.0, 0.04361961, 0.0, 0.99904823)
[00:00:04][DEBUG][nullEngine.object.component.FirstPersonCamera.mouseMoved(FirstPersonCamera.java:41)] 
0.99619466 0.0 0.08715619 0.0
0.0 1.0 0.0 0.0
-0.08715619 0.0 0.99619466 0.0
0.0 0.0 0.0 1.0

[00:00:04][DEBUG][nullEngine.object.component.FirstPersonCamera.mouseMoved(FirstPersonCamera.java:43)] 


[00:00:04][DEBUG][nullEngine.object.component.FirstPersonCamera.mouseMoved(FirstPersonCamera.java:38)] 2
[00:00:04][DEBUG][nullEngine.object.component.FirstPersonCamera.mouseMoved(FirstPersonCamera.java:40)] Quaternion(0.0, 0.06104876, 0.0, 0.9981348)
[00:00:04][DEBUG][nullEngine.object.component.FirstPersonCamera.mouseMoved(FirstPersonCamera.java:41)] 
0.9925461 0.0 0.12186979 0.0
0.0 1.0 0.0 0.0
-0.12186979 0.0 0.9925461 0.0
0.0 0.0 0.0 1.0

[00:00:04][DEBUG][nullEngine.object.component.FirstPersonCamera.mouseMoved(FirstPersonCamera.java:43)] 


[00:00:04][DEBUG][nullEngine.object.component.FirstPersonCamera.mouseMoved(FirstPersonCamera.java:38)] 3
[00:00:04][DEBUG][nullEngine.object.component.FirstPersonCamera.mouseMoved(FirstPersonCamera.java:40)] Quaternion(0.0, 0.08715597, 0.0, 0.9961947)
[00:00:04][DEBUG][nullEngine.object.component.FirstPersonCamera.mouseMoved(FirstPersonCamera.java:41)] 
0.98480767 0.0 0.17364863 0.0
0.0 1.0 0.0 0.0
-0.17364863 0.0 0.98480767 0.0
0.0 0.0 0.0 1.0

[00:00:04][DEBUG][nullEngine.object.component.FirstPersonCamera.mouseMoved(FirstPersonCamera.java:43)] 


[00:00:04][DEBUG][nullEngine.object.component.FirstPersonCamera.mouseMoved(FirstPersonCamera.java:38)] 1
[00:00:04][DEBUG][nullEngine.object.component.FirstPersonCamera.mouseMoved(FirstPersonCamera.java:40)] Quaternion(0.0, 0.095845975, 0.0, 0.9953962)
[00:00:04][DEBUG][nullEngine.object.component.FirstPersonCamera.mouseMoved(FirstPersonCamera.java:41)] 
0.9816271 0.0 0.19080944 0.0
0.0 1.0 0.0 0.0
-0.19080944 0.0 0.9816271 0.0
0.0 0.0 0.0 1.0

[00:00:04][DEBUG][nullEngine.object.component.FirstPersonCamera.mouseMoved(FirstPersonCamera.java:43)] 


[00:00:04][DEBUG][nullEngine.object.component.FirstPersonCamera.mouseMoved(FirstPersonCamera.java:38)] 1
[00:00:04][DEBUG][nullEngine.object.component.FirstPersonCamera.mouseMoved(FirstPersonCamera.java:40)] Quaternion(0.0, 0.10452868, 0.0, 0.99452186)
[00:00:04][DEBUG][nullEngine.object.component.FirstPersonCamera.mouseMoved(FirstPersonCamera.java:41)] 
0.9781475 0.0 0.20791212 0.0
0.0 1.0 0.0 0.0
-0.20791212 0.0 0.9781475 0.0
0.0 0.0 0.0 1.0

[00:00:04][DEBUG][nullEngine.object.component.FirstPersonCamera.mouseMoved(FirstPersonCamera.java:43)] 


[00:00:04][DEBUG][nullEngine.object.component.FirstPersonCamera.mouseMoved(FirstPersonCamera.java:38)] 2
[00:00:04][DEBUG][nullEngine.object.component.FirstPersonCamera.mouseMoved(FirstPersonCamera.java:40)] Quaternion(0.0, 0.12186956, 0.0, 0.99254614)
[00:00:04][DEBUG][nullEngine.object.component.FirstPersonCamera.mouseMoved(FirstPersonCamera.java:41)] 
0.9702956 0.0 0.24192232 0.0
0.0 1.0 0.0 0.0
-0.24192232 0.0 0.9702956 0.0
0.0 0.0 0.0 1.0

[00:00:04][DEBUG][nullEngine.object.component.FirstPersonCamera.mouseMoved(FirstPersonCamera.java:43)] 


[00:00:04][DEBUG][nullEngine.object.component.FirstPersonCamera.mouseMoved(FirstPersonCamera.java:38)] 1
[00:00:04][DEBUG][nullEngine.object.component.FirstPersonCamera.mouseMoved(FirstPersonCamera.java:40)] Quaternion(0.0, 0.13052641, 0.0, 0.9914448)
[00:00:04][DEBUG][nullEngine.object.component.FirstPersonCamera.mouseMoved(FirstPersonCamera.java:41)] 
0.9659257 0.0 0.25881946 0.0
0.0 1.0 0.0 0.0
-0.25881946 0.0 0.9659257 0.0
0.0 0.0 0.0 1.0

[00:00:04][DEBUG][nullEngine.object.component.FirstPersonCamera.mouseMoved(FirstPersonCamera.java:43)] 


[00:00:04][DEBUG][nullEngine.object.component.FirstPersonCamera.mouseMoved(FirstPersonCamera.java:38)] 1
[00:00:04][DEBUG][nullEngine.object.component.FirstPersonCamera.mouseMoved(FirstPersonCamera.java:40)] Quaternion(0.0, 0.13917331, 0.0, 0.990268)
[00:00:04][DEBUG][nullEngine.object.component.FirstPersonCamera.mouseMoved(FirstPersonCamera.java:41)] 
0.9612616 0.0 0.27563775 0.0
0.0 1.0 0.0 0.0
-0.27563775 0.0 0.9612616 0.0
0.0 0.0 0.0 1.0

[00:00:04][DEBUG][nullEngine.object.component.FirstPersonCamera.mouseMoved(FirstPersonCamera.java:43)] 


[00:00:04][DEBUG][nullEngine.object.component.FirstPersonCamera.mouseMoved(FirstPersonCamera.java:38)] 1
[00:00:04][DEBUG][nullEngine.object.component.FirstPersonCamera.mouseMoved(FirstPersonCamera.java:40)] Quaternion(0.0, 0.14780962, 0.0, 0.98901576)
[00:00:04][DEBUG][nullEngine.object.component.FirstPersonCamera.mouseMoved(FirstPersonCamera.java:41)] 
0.9563046 0.0 0.2923721 0.0
0.0 1.0 0.0 0.0
-0.2923721 0.0 0.9563046 0.0
0.0 0.0 0.0 1.0

[00:00:04][DEBUG][nullEngine.object.component.FirstPersonCamera.mouseMoved(FirstPersonCamera.java:43)] 


[00:00:04][DEBUG][nullEngine.object.component.FirstPersonCamera.mouseMoved(FirstPersonCamera.java:38)] 1
[00:00:04][DEBUG][nullEngine.object.component.FirstPersonCamera.mouseMoved(FirstPersonCamera.java:40)] Quaternion(0.0, 0.15643467, 0.0, 0.98768824)
[00:00:04][DEBUG][nullEngine.object.component.FirstPersonCamera.mouseMoved(FirstPersonCamera.java:41)] 
0.95105636 0.0 0.30901736 0.0
0.0 1.0 0.0 0.0
-0.30901736 0.0 0.95105636 0.0
0.0 0.0 0.0 1.0

[00:00:04][DEBUG][nullEngine.object.component.FirstPersonCamera.mouseMoved(FirstPersonCamera.java:43)] 


[00:00:04][DEBUG][nullEngine.object.component.FirstPersonCamera.mouseMoved(FirstPersonCamera.java:38)] 2
[00:00:04][DEBUG][nullEngine.object.component.FirstPersonCamera.mouseMoved(FirstPersonCamera.java:40)] Quaternion(0.0, 0.17364839, 0.0, 0.9848076)
