[00:00:00][DEBUG][nullEngine.util.logs.Logs.init(Logs.java:86)] Successfully initalized logs
[00:00:00][DEBUG][nullEngine.gl.Renderer.viewport(Renderer.java:25)] Viewport: 1280x720 @0, 0
[00:00:00][DEBUG][nullEngine.object.component.FirstPersonCamera.mouseMoved(FirstPersonCamera.java:38)] 0
[00:00:00][DEBUG][nullEngine.object.component.FirstPersonCamera.mouseMoved(FirstPersonCamera.java:40)] Quaternion(0.0, 0.0, 0.0, 1.0)
[00:00:00][DEBUG][nullEngine.object.component.FirstPersonCamera.mouseMoved(FirstPersonCamera.java:41)] 
1.0 0.0 0.0 0.0
0.0 1.0 0.0 0.0
0.0 0.0 1.0 0.0
0.0 0.0 0.0 1.0

[00:00:00][DEBUG][nullEngine.object.component.FirstPersonCamera.mouseMoved(FirstPersonCamera.java:43)] 


[00:00:00][DEBUG][nullEngine.object.component.FirstPersonCamera.mouseMoved(FirstPersonCamera.java:38)] -1
[00:00:00][DEBUG][nullEngine.object.component.FirstPersonCamera.mouseMoved(FirstPersonCamera.java:40)] Quaternion(0.0, 0.008726535, 0.0, 0.9999619)
[00:00:00][DEBUG][nullEngine.object.component.FirstPersonCamera.mouseMoved(FirstPersonCamera.java:41)] 
0.9998477 0.0 0.017452406 0.0
0.0 1.0 0.0 0.0
-0.017452406 0.0 0.9998477 0.0
0.0 0.0 0.0 1.0

[00:00:00][DEBUG][nullEngine.object.component.FirstPersonCamera.mouseMoved(FirstPersonCamera.java:43)] 


[00:00:00][DEBUG][nullEngine.object.component.FirstPersonCamera.mouseMoved(FirstPersonCamera.java:38)] -1
[00:00:00][DEBUG][nullEngine.object.component.FirstPersonCamera.mouseMoved(FirstPersonCamera.java:40)] Quaternion(0.0, 0.017452406, 0.0, 0.99984765)
[00:00:00][DEBUG][nullEngine.object.component.FirstPersonCamera.mouseMoved(FirstPersonCamera.java:41)] 
0.99939084 0.0 0.034899496 0.0
0.0 1.0 0.0 0.0
-0.034899496 0.0 0.99939084 0.0
0.0 0.0 0.0 1.0

[00:00:00][DEBUG][nullEngine.object.component.FirstPersonCamera.mouseMoved(FirstPersonCamera.java:43)] 


[00:00:00][DEBUG][nullEngine.object.component.FirstPersonCamera.mouseMoved(FirstPersonCamera.java:38)] -1
[00:00:00][DEBUG][nullEngine.object.component.FirstPersonCamera.mouseMoved(FirstPersonCamera.java:40)] Quaternion(0.0, 0.026176946, 0.0, 0.9996573)
[00:00:00][DEBUG][nullEngine.object.component.FirstPersonCamera.mouseMoved(FirstPersonCamera.java:41)] 
0.9986295 0.0 0.052335948 0.0
0.0 1.0 0.0 0.0
-0.052335948 0.0 0.9986295 0.0
0.0 0.0 0.0 1.0

[00:00:00][DEBUG][nullEngine.object.component.FirstPersonCamera.mouseMoved(FirstPersonCamera.java:43)] 


[00:00:00][DEBUG][nullEngine.object.component.FirstPersonCamera.mouseMoved(FirstPersonCamera.java:38)] -1
[00:00:00][DEBUG][nullEngine.object.component.FirstPersonCamera.mouseMoved(FirstPersonCamera.java:40)] Quaternion(0.0, 0.034899496, 0.0, 0.9993908)
[00:00:00][DEBUG][nullEngine.object.component.FirstPersonCamera.mouseMoved(FirstPersonCamera.java:41)] 
0.9975641 0.0 0.06975647 0.0
0.0 1.0 0.0 0.0
-0.06975647 0.0 0.9975641 0.0
0.0 0.0 0.0 1.0

[00:00:00][DEBUG][nullEngine.object.component.FirstPersonCamera.mouseMoved(FirstPersonCamera.java:43)] 


[00:00:01][DEBUG][nullEngine.object.component.FirstPersonCamera.mouseMoved(FirstPersonCamera.java:38)] -2
[00:00:01][DEBUG][nullEngine.object.component.FirstPersonCamera.mouseMoved(FirstPersonCamera.java:40)] Quaternion(0.0, 0.052335955, 0.0, 0.9986295)
[00:00:01][DEBUG][nullEngine.object.component.FirstPersonCamera.mouseMoved(FirstPersonCamera.java:41)] 
0.9945219 0.0 0.10452846 0.0
0.0 1.0 0.0 0.0
-0.10452846 0.0 0.9945219 0.0
0.0 0.0 0.0 1.0

[00:00:01][DEBUG][nullEngine.object.component.FirstPersonCamera.mouseMoved(FirstPersonCamera.java:43)] 


[00:00:01][DEBUG][nullEngine.object.component.FirstPersonCamera.mouseMoved(FirstPersonCamera.java:38)] -1
[00:00:01][DEBUG][nullEngine.object.component.FirstPersonCamera.mouseMoved(FirstPersonCamera.java:40)] Quaternion(0.0, 0.061048537, 0.0, 0.9981348)
[00:00:01][DEBUG][nullEngine.object.component.FirstPersonCamera.mouseMoved(FirstPersonCamera.java:41)] 
0.99254614 0.0 0.12186934 0.0
0.0 1.0 0.0 0.0
-0.12186934 0.0 0.99254614 0.0
0.0 0.0 0.0 1.0

[00:00:01][DEBUG][nullEngine.object.component.FirstPersonCamera.mouseMoved(FirstPersonCamera.java:43)] 


[00:00:01][DEBUG][nullEngine.object.component.FirstPersonCamera.mouseMoved(FirstPersonCamera.java:38)] -1
[00:00:01][DEBUG][nullEngine.object.component.FirstPersonCamera.mouseMoved(FirstPersonCamera.java:40)] Quaternion(0.0, 0.06975647, 0.0, 0.997564)
[00:00:01][DEBUG][nullEngine.object.component.FirstPersonCamera.mouseMoved(FirstPersonCamera.java:41)] 
0.99026805 0.0 0.13917309 0.0
0.0 1.0 0.0 0.0
-0.13917309 0.0 0.99026805 0.0
0.0 0.0 0.0 1.0

[00:00:01][DEBUG][nullEngine.object.component.FirstPersonCamera.mouseMoved(FirstPersonCamera.java:43)] 


[00:00:01][DEBUG][nullEngine.object.component.FirstPersonCamera.mouseMoved(FirstPersonCamera.java:38)] -2
[00:00:01][DEBUG][nullEngine.object.component.FirstPersonCamera.mouseMoved(FirstPersonCamera.java:40)] Quaternion(0.0, 0.08715574, 0.0, 0.99619466)
[00:00:01][DEBUG][nullEngine.object.component.FirstPersonCamera.mouseMoved(FirstPersonCamera.java:41)] 
0.9848077 0.0 0.17364816 0.0
0.0 1.0 0.0 0.0
-0.17364816 0.0 0.9848077 0.0
0.0 0.0 0.0 1.0

[00:00:01][DEBUG][nullEngine.object.component.FirstPersonCamera.mouseMoved(FirstPersonCamera.java:43)] 


[00:00:01][DEBUG][nullEngine.object.component.FirstPersonCamera.mouseMoved(FirstPersonCamera.java:38)] -2
[00:00:01][DEBUG][nullEngine.object.component.FirstPersonCamera.mouseMoved(FirstPersonCamera.java:40)] Quaternion(0.0, 0.10452846, 0.0, 0.9945219)
[00:00:01][DEBUG][nullEngine.object.component.FirstPersonCamera.mouseMoved(FirstPersonCamera.java:41)] 
0.9781476 0.0 0.20791169 0.0
0.0 1.0 0.0 0.0
-0.20791169 0.0 0.9781476 0.0
0.0 0.0 0.0 1.0

[00:00:01][DEBUG][nullEngine.object.component.FirstPersonCamera.mouseMoved(FirstPersonCamera.java:43)] 


[00:00:01][DEBUG][nullEngine.object.component.FirstPersonCamera.mouseMoved(FirstPersonCamera.java:38)] 0
[00:00:01][DEBUG][nullEngine.object.component.FirstPersonCamera.mouseMoved(FirstPersonCamera.java:40)] Quaternion(0.0, 0.10452846, 0.0, 0.9945219)
[00:00:01][DEBUG][nullEngine.object.component.FirstPersonCamera.mouseMoved(FirstPersonCamera.java:41)] 
0.9781476 0.0 0.20791169 0.0
0.0 1.0 0.0 0.0
-0.20791169 0.0 0.9781476 0.0
0.0 0.0 0.0 1.0

[00:00:01][DEBUG][nullEngine.object.component.FirstPersonCamera.mouseMoved(FirstPersonCamera.java:43)] 


[00:00:01][DEBUG][nullEngine.object.component.FirstPersonCamera.mouseMoved(FirstPersonCamera.java:38)] -1
[00:00:01][DEBUG][nullEngine.object.component.FirstPersonCamera.mouseMoved(FirstPersonCamera.java:40)] Quaternion(0.0, 0.11320321, 0.0, 0.9935719)
[00:00:01][DEBUG][nullEngine.object.component.FirstPersonCamera.mouseMoved(FirstPersonCamera.java:41)] 
0.97437006 0.0 0.22495106 0.0
0.0 1.0 0.0 0.0
-0.22495106 0.0 0.97437006 0.0
0.0 0.0 0.0 1.0

[00:00:01][DEBUG][nullEngine.object.component.FirstPersonCamera.mouseMoved(FirstPersonCamera.java:43)] 


[00:00:01][DEBUG][nullEngine.object.component.FirstPersonCamera.mouseMoved(FirstPersonCamera.java:38)] -1
[00:00:01][DEBUG][nullEngine.object.component.FirstPersonCamera.mouseMoved(FirstPersonCamera.java:40)] Quaternion(0.0, 0.12186934, 0.0, 0.99254614)
[00:00:01][DEBUG][nullEngine.object.component.FirstPersonCamera.mouseMoved(FirstPersonCamera.java:41)] 
0.9702957 0.0 0.24192189 0.0
0.0 1.0 0.0 0.0
-0.24192189 0.0 0.9702957 0.0
0.0 0.0 0.0 1.0

[00:00:01][DEBUG][nullEngine.object.component.FirstPersonCamera.mouseMoved(FirstPersonCamera.java:43)] 


[00:00:01][DEBUG][nullEngine.object.component.FirstPersonCamera.mouseMoved(FirstPersonCamera.java:38)] -1
[00:00:01][DEBUG][nullEngine.object.component.FirstPersonCamera.mouseMoved(FirstPersonCamera.java:40)] Quaternion(0.0, 0.13052619, 0.0, 0.9914448)
[00:00:01][DEBUG][nullEngine.object.component.FirstPersonCamera.mouseMoved(FirstPersonCamera.java:41)] 
0.9659258 0.0 0.258819 0.0
0.0 1.0 0.0 0.0
-0.258819 0.0 0.9659258 0.0
0.0 0.0 0.0 1.0

[00:00:01][DEBUG][nullEngine.object.component.FirstPersonCamera.mouseMoved(FirstPersonCamera.java:43)] 


[00:00:01][DEBUG][nullEngine.object.component.FirstPersonCamera.mouseMoved(FirstPersonCamera.java:38)] -1
[00:00:01][DEBUG][nullEngine.object.component.FirstPersonCamera.mouseMoved(FirstPersonCamera.java:40)] Quaternion(0.0, 0.13917309, 0.0, 0.990268)
[00:00:01][DEBUG][nullEngine.object.component.FirstPersonCamera.mouseMoved(FirstPersonCamera.java:41)] 
0.9612617 0.0 0.2756373 0.0
0.0 1.0 0.0 0.0
-0.2756373 0.0 0.9612617 0.0
0.0 0.0 0.0 1.0

[00:00:01][DEBUG][nullEngine.object.component.FirstPersonCamera.mouseMoved(FirstPersonCamera.java:43)] 


[00:00:01][DEBUG][nullEngine.object.component.FirstPersonCamera.mouseMoved(FirstPersonCamera.java:38)] -1
[00:00:01][DEBUG][nullEngine.object.component.FirstPersonCamera.mouseMoved(FirstPersonCamera.java:40)] Quaternion(0.0, 0.1478094, 0.0, 0.98901576)
[00:00:01][DEBUG][nullEngine.object.component.FirstPersonCamera.mouseMoved(FirstPersonCamera.java:41)] 
0.9563048 0.0 0.29237166 0.0
0.0 1.0 0.0 0.0
-0.29237166 0.0 0.9563048 0.0
0.0 0.0 0.0 1.0

[00:00:01][DEBUG][nullEngine.object.component.FirstPersonCamera.mouseMoved(FirstPersonCamera.java:43)] 


[00:00:01][DEBUG][nullEngine.object.component.FirstPersonCamera.mouseMoved(FirstPersonCamera.java:38)] 0
[00:00:01][DEBUG][nullEngine.object.component.FirstPersonCamera.mouseMoved(FirstPersonCamera.java:40)] Quaternion(0.0, 0.1478094, 0.0, 0.98901576)
[00:00:01][DEBUG][nullEngine.object.component.FirstPersonCamera.mouseMoved(FirstPersonCamera.java:41)] 
0.9563048 0.0 0.29237166 0.0
0.0 1.0 0.0 0.0
-0.29237166 0.0 0.9563048 0.0
0.0 0.0 0.0 1.0

[00:00:01][DEBUG][nullEngine.object.component.FirstPersonCamera.mouseMoved(FirstPersonCamera.java:43)] 


[00:00:01][DEBUG][nullEngine.object.component.FirstPersonCamera.mouseMoved(FirstPersonCamera.java:38)] -2
[00:00:01][DEBUG][nullEngine.object.component.FirstPersonCamera.mouseMoved(FirstPersonCamera.java:40)] Quaternion(0.0, 0.16504759, 0.0, 0.9862855)
[00:00:01][DEBUG][nullEngine.object.component.FirstPersonCamera.mouseMoved(FirstPersonCamera.java:41)] 
0.9455186 0.0 0.32556808 0.0
0.0 1.0 0.0 0.0
-0.32556808 0.0 0.9455186 0.0
0.0 0.0 0.0 1.0

[00:00:01][DEBUG][nullEngine.object.component.FirstPersonCamera.mouseMoved(FirstPersonCamera.java:43)] 


[00:00:01][DEBUG][nullEngine.object.component.FirstPersonCamera.mouseMoved(FirstPersonCamera.java:38)] -1
[00:00:01][DEBUG][nullEngine.object.component.FirstPersonCamera.mouseMoved(FirstPersonCamera.java:40)] Quaternion(0.0, 0.17364815, 0.0, 0.98480767)
[00:00:01][DEBUG][nullEngine.object.component.FirstPersonCamera.mouseMoved(FirstPersonCamera.java:41)] 
0.9396926 0.0 0.34202006 0.0
0.0 1.0 0.0 0.0
-0.34202006 0.0 0.9396926 0.0
0.0 0.0 0.0 1.0

[00:00:01][DEBUG][nullEngine.object.component.FirstPersonCamera.mouseMoved(FirstPersonCamera.java:43)] 


[00:00:01][DEBUG][nullEngine.object.component.FirstPersonCamera.mouseMoved(FirstPersonCamera.java:38)] -1
[00:00:01][DEBUG][nullEngine.object.component.FirstPersonCamera.mouseMoved(FirstPersonCamera.java:40)] Quaternion(0.0, 0.1822355, 0.0, 0.98325485)
[00:00:01][DEBUG][nullEngine.object.component.FirstPersonCamera.mouseMoved(FirstPersonCamera.java:41)] 
0.93358046 0.0 0.35836786 0.0
0.0 1.0 0.0 0.0
-0.35836786 0.0 0.93358046 0.0
0.0 0.0 0.0 1.0

[00:00:01][DEBUG][nullEngine.object.component.FirstPersonCamera.mouseMoved(FirstPersonCamera.java:43)] 


[00:00:01][DEBUG][nullEngine.object.component.FirstPersonCamera.mouseMoved(FirstPersonCamera.java:38)] -1
[00:00:01][DEBUG][nullEngine.object.component.FirstPersonCamera.mouseMoved(FirstPersonCamera.java:40)] Quaternion(0.0, 0.19080895, 0.0, 0.9816271)
[00:00:01][DEBUG][nullEngine.object.component.FirstPersonCamera.mouseMoved(FirstPersonCamera.java:41)] 
0.92718387 0.0 0.3746065 0.0
0.0 1.0 0.0 0.0
-0.3746065 0.0 0.92718387 0.0
0.0 0.0 0.0 1.0

[00:00:01][DEBUG][nullEngine.object.component.FirstPersonCamera.mouseMoved(FirstPersonCamera.java:43)] 


[00:00:01][DEBUG][nullEngine.object.component.FirstPersonCamera.mouseMoved(FirstPersonCamera.java:38)] -1
[00:00:01][DEBUG][nullEngine.object.component.FirstPersonCamera.mouseMoved(FirstPersonCamera.java:40)] Quaternion(0.0, 0.19936788, 0.0, 0.9799246)
[00:00:01][DEBUG][nullEngine.object.component.FirstPersonCamera.mouseMoved(FirstPersonCamera.java:41)] 
0.9205049 0.0 0.39073098 0.0
0.0 1.0 0.0 0.0
-0.39073098 0.0 0.9205049 0.0
0.0 0.0 0.0 1.0

[00:00:01][DEBUG][nullEngine.object.component.FirstPersonCamera.mouseMoved(FirstPersonCamera.java:43)] 


[00:00:01][DEBUG][nullEngine.object.component.FirstPersonCamera.mouseMoved(FirstPersonCamera.java:38)] -1
[00:00:01][DEBUG][nullEngine.object.component.FirstPersonCamera.mouseMoved(FirstPersonCamera.java:40)] Quaternion(0.0, 0.20791163, 0.0, 0.9781475)
[00:00:01][DEBUG][nullEngine.object.component.FirstPersonCamera.mouseMoved(FirstPersonCamera.java:41)] 
0.9135455 0.0 0.40673646 0.0
0.0 1.0 0.0 0.0
-0.40673646 0.0 0.9135455 0.0
0.0 0.0 0.0 1.0

[00:00:01][DEBUG][nullEngine.object.component.FirstPersonCamera.mouseMoved(FirstPersonCamera.java:43)] 


[00:00:01][DEBUG][nullEngine.object.component.FirstPersonCamera.mouseMoved(FirstPersonCamera.java:38)] 1
[00:00:01][DEBUG][nullEngine.object.component.FirstPersonCamera.mouseMoved(FirstPersonCamera.java:40)] Quaternion(0.0, 0.19936788, 0.0, 0.9799246)
[00:00:01][DEBUG][nullEngine.object.component.FirstPersonCamera.mouseMoved(FirstPersonCamera.java:41)] 
0.9205049 0.0 0.39073098 0.0
0.0 1.0 0.0 0.0
-0.39073098 0.0 0.9205049 0.0
0.0 0.0 0.0 1.0

[00:00:01][DEBUG][nullEngine.object.component.FirstPersonCamera.mouseMoved(FirstPersonCamera.java:43)] 


[00:00:01][DEBUG][nullEngine.object.component.FirstPersonCamera.mouseMoved(FirstPersonCamera.java:38)] 1
[00:00:01][DEBUG][nullEngine.object.component.FirstPersonCamera.mouseMoved(FirstPersonCamera.java:40)] Quaternion(0.0, 0.19080894, 0.0, 0.9816271)
[00:00:01][DEBUG][nullEngine.object.component.FirstPersonCamera.mouseMoved(FirstPersonCamera.java:41)] 
0.92718387 0.0 0.37460646 0.0
0.0 1.0 0.0 0.0
-0.37460646 0.0 0.92718387 0.0
0.0 0.0 0.0 1.0

[00:00:01][DEBUG][nullEngine.object.component.FirstPersonCamera.mouseMoved(FirstPersonCamera.java:43)] 


[00:00:01][DEBUG][nullEngine.object.component.FirstPersonCamera.mouseMoved(FirstPersonCamera.java:38)] 1
[00:00:01][DEBUG][nullEngine.object.component.FirstPersonCamera.mouseMoved(FirstPersonCamera.java:40)] Quaternion(0.0, 0.18223546, 0.0, 0.98325485)
[00:00:01][DEBUG][nullEngine.object.component.FirstPersonCamera.mouseMoved(FirstPersonCamera.java:41)] 
0.93358046 0.0 0.3583678 0.0
0.0 1.0 0.0 0.0
-0.3583678 0.0 0.93358046 0.0
0.0 0.0 0.0 1.0

[00:00:01][DEBUG][nullEngine.object.component.FirstPersonCamera.mouseMoved(FirstPersonCamera.java:43)] 


[00:00:01][DEBUG][nullEngine.object.component.FirstPersonCamera.mouseMoved(FirstPersonCamera.java:38)] 2
[00:00:01][DEBUG][nullEngine.object.component.FirstPersonCamera.mouseMoved(FirstPersonCamera.java:40)] Quaternion(0.0, 0.16504756, 0.0, 0.98628557)
[00:00:01][DEBUG][nullEngine.object.component.FirstPersonCamera.mouseMoved(FirstPersonCamera.java:41)] 
0.9455186 0.0 0.32556805 0.0
0.0 1.0 0.0 0.0
-0.32556805 0.0 0.9455186 0.0
0.0 0.0 0.0 1.0

[00:00:01][DEBUG][nullEngine.object.component.FirstPersonCamera.mouseMoved(FirstPersonCamera.java:43)] 


[00:00:01][DEBUG][nullEngine.object.component.FirstPersonCamera.mouseMoved(FirstPersonCamera.java:38)] 1
[00:00:01][DEBUG][nullEngine.object.component.FirstPersonCamera.mouseMoved(FirstPersonCamera.java:40)] Quaternion(0.0, 0.15643442, 0.0, 0.9876883)
[00:00:01][DEBUG][nullEngine.object.component.FirstPersonCamera.mouseMoved(FirstPersonCamera.java:41)] 
0.95105654 0.0 0.30901688 0.0
0.0 1.0 0.0 0.0
-0.30901688 0.0 0.95105654 0.0
0.0 0.0 0.0 1.0

[00:00:01][DEBUG][nullEngine.object.component.FirstPersonCamera.mouseMoved(FirstPersonCamera.java:43)] 


[00:00:01][DEBUG][nullEngine.object.component.FirstPersonCamera.mouseMoved(FirstPersonCamera.java:38)] 1
[00:00:01][DEBUG][nullEngine.object.component.FirstPersonCamera.mouseMoved(FirstPersonCamera.java:40)] Quaternion(0.0, 0.14780936, 0.0, 0.9890158)
[00:00:01][DEBUG][nullEngine.object.component.FirstPersonCamera.mouseMoved(FirstPersonCamera.java:41)] 
0.9563048 0.0 0.29237157 0.0
0.0 1.0 0.0 0.0
-0.29237157 0.0 0.9563048 0.0
0.0 0.0 0.0 1.0

[00:00:01][DEBUG][nullEngine.object.component.FirstPersonCamera.mouseMoved(FirstPersonCamera.java:43)] 


[00:00:01][DEBUG][nullEngine.object.component.FirstPersonCamera.mouseMoved(FirstPersonCamera.java:38)] 2
[00:00:01][DEBUG][nullEngine.object.component.FirstPersonCamera.mouseMoved(FirstPersonCamera.java:40)] Quaternion(0.0, 0.13052614, 0.0, 0.9914448)
[00:00:01][DEBUG][nullEngine.object.component.FirstPersonCamera.mouseMoved(FirstPersonCamera.java:41)] 
0.9659259 0.0 0.25881892 0.0
0.0 1.0 0.0 0.0
-0.25881892 0.0 0.9659259 0.0
0.0 0.0 0.0 1.0

[00:00:01][DEBUG][nullEngine.object.component.FirstPersonCamera.mouseMoved(FirstPersonCamera.java:43)] 


[00:00:01][DEBUG][nullEngine.object.component.FirstPersonCamera.mouseMoved(FirstPersonCamera.java:38)] 2
[00:00:01][DEBUG][nullEngine.object.component.FirstPersonCamera.mouseMoved(FirstPersonCamera.java:40)] Quaternion(0.0, 0.11320317, 0.0, 0.9935718)
[00:00:01][DEBUG][nullEngine.object.component.FirstPersonCamera.mouseMoved(FirstPersonCamera.java:41)] 
0.97437006 0.0 0.22495095 0.0
0.0 1.0 0.0 0.0
-0.22495095 0.0 0.97437006 0.0
0.0 0.0 0.0 1.0

[00:00:01][DEBUG][nullEngine.object.component.FirstPersonCamera.mouseMoved(FirstPersonCamera.java:43)] 


[00:00:01][DEBUG][nullEngine.object.component.FirstPersonCamera.mouseMoved(FirstPersonCamera.java:38)] 1
[00:00:01][DEBUG][nullEngine.object.component.FirstPersonCamera.mouseMoved(FirstPersonCamera.java:40)] Quaternion(0.0, 0.10452841, 0.0, 0.99452186)
[00:00:01][DEBUG][nullEngine.object.component.FirstPersonCamera.mouseMoved(FirstPersonCamera.java:41)] 
0.9781476 0.0 0.20791158 0.0
0.0 1.0 0.0 0.0
-0.20791158 0.0 0.9781476 0.0
0.0 0.0 0.0 1.0

[00:00:01][DEBUG][nullEngine.object.component.FirstPersonCamera.mouseMoved(FirstPersonCamera.java:43)] 


[00:00:01][DEBUG][nullEngine.object.component.FirstPersonCamera.mouseMoved(FirstPersonCamera.java:38)] 1
[00:00:01][DEBUG][nullEngine.object.component.FirstPersonCamera.mouseMoved(FirstPersonCamera.java:40)] Quaternion(0.0, 0.0958457, 0.0, 0.9953962)
[00:00:01][DEBUG][nullEngine.object.component.FirstPersonCamera.mouseMoved(FirstPersonCamera.java:41)] 
0.9816272 0.0 0.19080889 0.0
0.0 1.0 0.0 0.0
-0.19080889 0.0 0.9816272 0.0
0.0 0.0 0.0 1.0

[00:00:01][DEBUG][nullEngine.object.component.FirstPersonCamera.mouseMoved(FirstPersonCamera.java:43)] 


[00:00:01][DEBUG][nullEngine.object.component.FirstPersonCamera.mouseMoved(FirstPersonCamera.java:38)] 2
[00:00:01][DEBUG][nullEngine.object.component.FirstPersonCamera.mouseMoved(FirstPersonCamera.java:40)] Quaternion(0.0, 0.07845905, 0.0, 0.99691737)
[00:00:01][DEBUG][nullEngine.object.component.FirstPersonCamera.mouseMoved(FirstPersonCamera.java:41)] 
0.98768836 0.0 0.15643437 0.0
0.0 1.0 0.0 0.0
-0.15643437 0.0 0.98768836 0.0
0.0 0.0 0.0 1.0

[00:00:01][DEBUG][nullEngine.object.component.FirstPersonCamera.mouseMoved(FirstPersonCamera.java:43)] 


[00:00:01][DEBUG][nullEngine.object.component.FirstPersonCamera.mouseMoved(FirstPersonCamera.java:38)] 1
[00:00:01][DEBUG][nullEngine.object.component.FirstPersonCamera.mouseMoved(FirstPersonCamera.java:40)] Quaternion(0.0, 0.069756426, 0.0, 0.9975641)
[00:00:01][DEBUG][nullEngine.object.component.FirstPersonCamera.mouseMoved(FirstPersonCamera.java:41)] 
0.9902681 0.0 0.13917302 0.0
0.0 1.0 0.0 0.0
-0.13917302 0.0 0.9902681 0.0
0.0 0.0 0.0 1.0

[00:00:01][DEBUG][nullEngine.object.component.FirstPersonCamera.mouseMoved(FirstPersonCamera.java:43)] 


[00:00:01][DEBUG][nullEngine.object.component.FirstPersonCamera.mouseMoved(FirstPersonCamera.java:38)] 1
[00:00:01][DEBUG][nullEngine.object.component.FirstPersonCamera.mouseMoved(FirstPersonCamera.java:40)] Quaternion(0.0, 0.06104849, 0.0, 0.99813485)
[00:00:01][DEBUG][nullEngine.object.component.FirstPersonCamera.mouseMoved(FirstPersonCamera.java:41)] 
0.99254614 0.0 0.12186925 0.0
0.0 1.0 0.0 0.0
-0.12186925 0.0 0.99254614 0.0
0.0 0.0 0.0 1.0

[00:00:01][DEBUG][nullEngine.object.component.FirstPersonCamera.mouseMoved(FirstPersonCamera.java:43)] 


[00:00:01][DEBUG][nullEngine.object.component.FirstPersonCamera.mouseMoved(FirstPersonCamera.java:38)] 1
[00:00:01][DEBUG][nullEngine.object.component.FirstPersonCamera.mouseMoved(FirstPersonCamera.java:40)] Quaternion(0.0, 0.052335907, 0.0, 0.99862957)
[00:00:01][DEBUG][nullEngine.object.component.FirstPersonCamera.mouseMoved(FirstPersonCamera.java:41)] 
0.9945219 0.0 0.10452837 0.0
0.0 1.0 0.0 0.0
-0.10452837 0.0 0.9945219 0.0
0.0 0.0 0.0 1.0

[00:00:01][DEBUG][nullEngine.object.component.FirstPersonCamera.mouseMoved(FirstPersonCamera.java:43)] 


[00:00:01][DEBUG][nullEngine.object.component.FirstPersonCamera.mouseMoved(FirstPersonCamera.java:38)] 1
[00:00:01][DEBUG][nullEngine.object.component.FirstPersonCamera.mouseMoved(FirstPersonCamera.java:40)] Quaternion(0.0, 0.04361934, 0.0, 0.99904823)
[00:00:01][DEBUG][nullEngine.object.component.FirstPersonCamera.mouseMoved(FirstPersonCamera.java:41)] 
0.9961947 0.0 0.08715565 0.0
0.0 1.0 0.0 0.0
-0.08715565 0.0 0.9961947 0.0
0.0 0.0 0.0 1.0

[00:00:01][DEBUG][nullEngine.object.component.FirstPersonCamera.mouseMoved(FirstPersonCamera.java:43)] 


[00:00:01][DEBUG][nullEngine.object.component.FirstPersonCamera.mouseMoved(FirstPersonCamera.java:38)] 1
[00:00:01][DEBUG][nullEngine.object.component.FirstPersonCamera.mouseMoved(FirstPersonCamera.java:40)] Quaternion(0.0, 0.034899447, 0.0, 0.99939084)
[00:00:01][DEBUG][nullEngine.object.component.FirstPersonCamera.mouseMoved(FirstPersonCamera.java:41)] 
0.9975641 0.0 0.069756374 0.0
0.0 1.0 0.0 0.0
-0.069756374 0.0 0.9975641 0.0
0.0 0.0 0.0 1.0

[00:00:01][DEBUG][nullEngine.object.component.FirstPersonCamera.mouseMoved(FirstPersonCamera.java:43)] 


[00:00:01][DEBUG][nullEngine.object.component.FirstPersonCamera.mouseMoved(FirstPersonCamera.java:38)] 1
[00:00:01][DEBUG][nullEngine.object.component.FirstPersonCamera.mouseMoved(FirstPersonCamera.java:40)] Quaternion(0.0, 0.026176898, 0.0, 0.99965733)
[00:00:01][DEBUG][nullEngine.object.component.FirstPersonCamera.mouseMoved(FirstPersonCamera.java:41)] 
0.9986295 0.0 0.052335855 0.0
0.0 1.0 0.0 0.0
-0.052335855 0.0 0.9986295 0.0
0.0 0.0 0.0 1.0

[00:00:01][DEBUG][nullEngine.object.component.FirstPersonCamera.mouseMoved(FirstPersonCamera.java:43)] 


[00:00:01][DEBUG][nullEngine.object.component.FirstPersonCamera.mouseMoved(FirstPersonCamera.java:38)] 1
[00:00:01][DEBUG][nullEngine.object.component.FirstPersonCamera.mouseMoved(FirstPersonCamera.java:40)] Quaternion(0.0, 0.017452355, 0.0, 0.99984765)
[00:00:01][DEBUG][nullEngine.object.component.FirstPersonCamera.mouseMoved(FirstPersonCamera.java:41)] 
0.99939084 0.0 0.034899395 0.0
0.0 1.0 0.0 0.0
-0.034899395 0.0 0.99939084 0.0
0.0 0.0 0.0 1.0

[00:00:01][DEBUG][nullEngine.object.component.FirstPersonCamera.mouseMoved(FirstPersonCamera.java:43)] 


[00:00:01][DEBUG][nullEngine.object.component.FirstPersonCamera.mouseMoved(FirstPersonCamera.java:38)] 1
[00:00:01][DEBUG][nullEngine.object.component.FirstPersonCamera.mouseMoved(FirstPersonCamera.java:40)] Quaternion(0.0, 0.008726485, 0.0, 0.99996185)
[00:00:01][DEBUG][nullEngine.object.component.FirstPersonCamera.mouseMoved(FirstPersonCamera.java:41)] 
0.9998477 0.0 0.017452305 0.0
0.0 1.0 0.0 0.0
-0.017452305 0.0 0.9998477 0.0
0.0 0.0 0.0 1.0

[00:00:01][DEBUG][nullEngine.object.component.FirstPersonCamera.mouseMoved(FirstPersonCamera.java:43)] 


[00:00:01][DEBUG][nullEngine.object.component.FirstPersonCamera.mouseMoved(FirstPersonCamera.java:38)] 2
[00:00:01][DEBUG][nullEngine.object.component.FirstPersonCamera.mouseMoved(FirstPersonCamera.java:40)] Quaternion(0.0, -0.008726585, 0.0, 0.99996185)
[00:00:01][DEBUG][nullEngine.object.component.FirstPersonCamera.mouseMoved(FirstPersonCamera.java:41)] 
0.9998477 -0.0 -0.017452504 0.0
0.0 1.0 -0.0 0.0
0.017452504 0.0 0.9998477 0.0
0.0 0.0 0.0 1.0

[00:00:01][DEBUG][nullEngine.object.component.FirstPersonCamera.mouseMoved(FirstPersonCamera.java:43)] 


[00:00:02][DEBUG][nullEngine.object.component.FirstPersonCamera.mouseMoved(FirstPersonCamera.java:38)] 2
[00:00:02][DEBUG][nullEngine.object.component.FirstPersonCamera.mouseMoved(FirstPersonCamera.java:40)] Quaternion(0.0, -0.026176997, 0.0, 0.9996573)
[00:00:02][DEBUG][nullEngine.object.component.FirstPersonCamera.mouseMoved(FirstPersonCamera.java:41)] 
0.9986295 -0.0 -0.05233605 0.0
0.0 1.0 -0.0 0.0
0.05233605 0.0 0.9986295 0.0
0.0 0.0 0.0 1.0

[00:00:02][DEBUG][nullEngine.object.component.FirstPersonCamera.mouseMoved(FirstPersonCamera.java:43)] 


[00:00:02][DEBUG][nullEngine.object.component.FirstPersonCamera.mouseMoved(FirstPersonCamera.java:38)] 1
[00:00:02][DEBUG][nullEngine.object.component.FirstPersonCamera.mouseMoved(FirstPersonCamera.java:40)] Quaternion(0.0, -0.034899544, 0.0, 0.9993908)
[00:00:02][DEBUG][nullEngine.object.component.FirstPersonCamera.mouseMoved(FirstPersonCamera.java:41)] 
0.997564 -0.0 -0.06975657 0.0
0.0 1.0 -0.0 0.0
0.06975657 0.0 0.997564 0.0
0.0 0.0 0.0 1.0

[00:00:02][DEBUG][nullEngine.object.component.FirstPersonCamera.mouseMoved(FirstPersonCamera.java:43)] 


[00:00:02][DEBUG][nullEngine.object.component.FirstPersonCamera.mouseMoved(FirstPersonCamera.java:38)] 1
[00:00:02][DEBUG][nullEngine.object.component.FirstPersonCamera.mouseMoved(FirstPersonCamera.java:40)] Quaternion(0.0, -0.04361943, 0.0, 0.9990481)
[00:00:02][DEBUG][nullEngine.object.component.FirstPersonCamera.mouseMoved(FirstPersonCamera.java:41)] 
0.9961947 -0.0 -0.08715582 0.0
0.0 1.0 -0.0 0.0
0.08715582 0.0 0.9961947 0.0
0.0 0.0 0.0 1.0

[00:00:02][DEBUG][nullEngine.object.component.FirstPersonCamera.mouseMoved(FirstPersonCamera.java:43)] 


[00:00:02][DEBUG][nullEngine.object.component.FirstPersonCamera.mouseMoved(FirstPersonCamera.java:38)] 1
[00:00:02][DEBUG][nullEngine.object.component.FirstPersonCamera.mouseMoved(FirstPersonCamera.java:40)] Quaternion(0.0, -0.052336, 0.0, 0.99862945)
[00:00:02][DEBUG][nullEngine.object.component.FirstPersonCamera.mouseMoved(FirstPersonCamera.java:41)] 
0.99452186 -0.0 -0.10452854 0.0
0.0 1.0 -0.0 0.0
0.10452854 0.0 0.99452186 0.0
0.0 0.0 0.0 1.0

[00:00:02][DEBUG][nullEngine.object.component.FirstPersonCamera.mouseMoved(FirstPersonCamera.java:43)] 


[00:00:02][DEBUG][nullEngine.object.component.FirstPersonCamera.mouseMoved(FirstPersonCamera.java:38)] 1
[00:00:02][DEBUG][nullEngine.object.component.FirstPersonCamera.mouseMoved(FirstPersonCamera.java:40)] Quaternion(0.0, -0.061048582, 0.0, 0.99813473)
[00:00:02][DEBUG][nullEngine.object.component.FirstPersonCamera.mouseMoved(FirstPersonCamera.java:41)] 
0.99254614 -0.0 -0.12186942 0.0
0.0 1.0 -0.0 0.0
0.12186942 0.0 0.99254614 0.0
0.0 0.0 0.0 1.0

[00:00:02][DEBUG][nullEngine.object.component.FirstPersonCamera.mouseMoved(FirstPersonCamera.java:43)] 


[00:00:02][DEBUG][nullEngine.object.component.FirstPersonCamera.mouseMoved(FirstPersonCamera.java:38)] 1
[00:00:02][DEBUG][nullEngine.object.component.FirstPersonCamera.mouseMoved(FirstPersonCamera.java:40)] Quaternion(0.0, -0.069756515, 0.0, 0.99756396)
[00:00:02][DEBUG][nullEngine.object.component.FirstPersonCamera.mouseMoved(FirstPersonCamera.java:41)] 
0.99026805 -0.0 -0.13917316 0.0
0.0 1.0 -0.0 0.0
0.13917316 0.0 0.99026805 0.0
0.0 0.0 0.0 1.0

[00:00:02][DEBUG][nullEngine.object.component.FirstPersonCamera.mouseMoved(FirstPersonCamera.java:43)] 


[00:00:02][DEBUG][nullEngine.object.component.FirstPersonCamera.mouseMoved(FirstPersonCamera.java:38)] 2
[00:00:02][DEBUG][nullEngine.object.component.FirstPersonCamera.mouseMoved(FirstPersonCamera.java:40)] Quaternion(0.0, -0.08715578, 0.0, 0.9961946)
[00:00:02][DEBUG][nullEngine.object.component.FirstPersonCamera.mouseMoved(FirstPersonCamera.java:41)] 
0.9848077 -0.0 -0.17364824 0.0
0.0 1.0 -0.0 0.0
0.17364824 0.0 0.9848077 0.0
0.0 0.0 0.0 1.0

[00:00:02][DEBUG][nullEngine.object.component.FirstPersonCamera.mouseMoved(FirstPersonCamera.java:43)] 


[00:00:02][DEBUG][nullEngine.object.component.FirstPersonCamera.mouseMoved(FirstPersonCamera.java:38)] 1
[00:00:02][DEBUG][nullEngine.object.component.FirstPersonCamera.mouseMoved(FirstPersonCamera.java:40)] Quaternion(0.0, -0.09584579, 0.0, 0.9953961)
[00:00:02][DEBUG][nullEngine.object.component.FirstPersonCamera.mouseMoved(FirstPersonCamera.java:41)] 
0.98162717 -0.0 -0.19080904 0.0
0.0 1.0 -0.0 0.0
0.19080904 0.0 0.98162717 0.0
0.0 0.0 0.0 1.0

[00:00:02][DEBUG][nullEngine.object.component.FirstPersonCamera.mouseMoved(FirstPersonCamera.java:43)] 


[00:00:02][DEBUG][nullEngine.object.component.FirstPersonCamera.mouseMoved(FirstPersonCamera.java:38)] 1
[00:00:02][DEBUG][nullEngine.object.component.FirstPersonCamera.mouseMoved(FirstPersonCamera.java:40)] Quaternion(0.0, -0.104528494, 0.0, 0.9945218)
[00:00:02][DEBUG][nullEngine.object.component.FirstPersonCamera.mouseMoved(FirstPersonCamera.java:41)] 
0.97814757 -0.0 -0.20791173 0.0
0.0 1.0 -0.0 0.0
0.20791173 0.0 0.97814757 0.0
0.0 0.0 0.0 1.0

[00:00:02][DEBUG][nullEngine.object.component.FirstPersonCamera.mouseMoved(FirstPersonCamera.java:43)] 


[00:00:02][DEBUG][nullEngine.object.component.FirstPersonCamera.mouseMoved(FirstPersonCamera.java:38)] 0
[00:00:02][DEBUG][nullEngine.object.component.FirstPersonCamera.mouseMoved(FirstPersonCamera.java:40)] Quaternion(0.0, -0.104528494, 0.0, 0.9945218)
[00:00:02][DEBUG][nullEngine.object.component.FirstPersonCamera.mouseMoved(FirstPersonCamera.java:41)] 
0.97814757 -0.0 -0.20791173 0.0
0.0 1.0 -0.0 0.0
0.20791173 0.0 0.97814757 0.0
0.0 0.0 0.0 1.0

[00:00:02][DEBUG][nullEngine.object.component.FirstPersonCamera.mouseMoved(FirstPersonCamera.java:43)] 


[00:00:02][DEBUG][nullEngine.object.component.FirstPersonCamera.mouseMoved(FirstPersonCamera.java:38)] 1
[00:00:02][DEBUG][nullEngine.object.component.FirstPersonCamera.mouseMoved(FirstPersonCamera.java:40)] Quaternion(0.0, -0.11320324, 0.0, 0.99357176)
[00:00:02][DEBUG][nullEngine.object.component.FirstPersonCamera.mouseMoved(FirstPersonCamera.java:41)] 
0.97437006 -0.0 -0.22495109 0.0
0.0 1.0 -0.0 0.0
0.22495109 0.0 0.97437006 0.0
0.0 0.0 0.0 1.0

[00:00:02][DEBUG][nullEngine.object.component.FirstPersonCamera.mouseMoved(FirstPersonCamera.java:43)] 


[00:00:02][DEBUG][nullEngine.object.component.FirstPersonCamera.mouseMoved(FirstPersonCamera.java:38)] 2
[00:00:02][DEBUG][nullEngine.object.component.FirstPersonCamera.mouseMoved(FirstPersonCamera.java:40)] Quaternion(0.0, -0.13052621, 0.0, 0.99144477)
[00:00:02][DEBUG][nullEngine.object.component.FirstPersonCamera.mouseMoved(FirstPersonCamera.java:41)] 
0.9659258 -0.0 -0.25881907 0.0
0.0 1.0 -0.0 0.0
0.25881907 0.0 0.9659258 0.0
0.0 0.0 0.0 1.0

[00:00:02][DEBUG][nullEngine.object.component.FirstPersonCamera.mouseMoved(FirstPersonCamera.java:43)] 


[00:00:02][DEBUG][nullEngine.object.component.FirstPersonCamera.mouseMoved(FirstPersonCamera.java:38)] 1
[00:00:02][DEBUG][nullEngine.object.component.FirstPersonCamera.mouseMoved(FirstPersonCamera.java:40)] Quaternion(0.0, -0.13917312, 0.0, 0.99026793)
[00:00:02][DEBUG][nullEngine.object.component.FirstPersonCamera.mouseMoved(FirstPersonCamera.java:41)] 
0.9612617 -0.0 -0.27563736 0.0
0.0 1.0 -0.0 0.0
0.27563736 0.0 0.9612617 0.0
0.0 0.0 0.0 1.0

[00:00:02][DEBUG][nullEngine.object.component.FirstPersonCamera.mouseMoved(FirstPersonCamera.java:43)] 


[00:00:02][DEBUG][nullEngine.object.component.FirstPersonCamera.mouseMoved(FirstPersonCamera.java:38)] 1
[00:00:02][DEBUG][nullEngine.object.component.FirstPersonCamera.mouseMoved(FirstPersonCamera.java:40)] Quaternion(0.0, -0.14780942, 0.0, 0.9890157)
[00:00:02][DEBUG][nullEngine.object.component.FirstPersonCamera.mouseMoved(FirstPersonCamera.java:41)] 
0.9563047 -0.0 -0.29237166 0.0
0.0 1.0 -0.0 0.0
0.29237166 0.0 0.9563047 0.0
0.0 0.0 0.0 1.0

[00:00:02][DEBUG][nullEngine.object.component.FirstPersonCamera.mouseMoved(FirstPersonCamera.java:43)] 


[00:00:02][DEBUG][nullEngine.object.component.FirstPersonCamera.mouseMoved(FirstPersonCamera.java:38)] 2
[00:00:02][DEBUG][nullEngine.object.component.FirstPersonCamera.mouseMoved(FirstPersonCamera.java:40)] Quaternion(0.0, -0.1650476, 0.0, 0.98628545)
[00:00:02][DEBUG][nullEngine.object.component.FirstPersonCamera.mouseMoved(FirstPersonCamera.java:41)] 
0.94551855 -0.0 -0.32556808 0.0
0.0 1.0 -0.0 0.0
0.32556808 0.0 0.94551855 0.0
0.0 0.0 0.0 1.0

[00:00:02][DEBUG][nullEngine.object.component.FirstPersonCamera.mouseMoved(FirstPersonCamera.java:43)] 


[00:00:02][DEBUG][nullEngine.object.component.FirstPersonCamera.mouseMoved(FirstPersonCamera.java:38)] 2
[00:00:02][DEBUG][nullEngine.object.component.FirstPersonCamera.mouseMoved(FirstPersonCamera.java:40)] Quaternion(0.0, -0.18223551, 0.0, 0.9832548)
[00:00:02][DEBUG][nullEngine.object.component.FirstPersonCamera.mouseMoved(FirstPersonCamera.java:41)] 
0.93358046 -0.0 -0.35836786 0.0
0.0 1.0 -0.0 0.0
0.35836786 0.0 0.93358046 0.0
0.0 0.0 0.0 1.0

[00:00:02][DEBUG][nullEngine.object.component.FirstPersonCamera.mouseMoved(FirstPersonCamera.java:43)] 


[00:00:02][DEBUG][nullEngine.object.component.FirstPersonCamera.mouseMoved(FirstPersonCamera.java:38)] 1
[00:00:02][DEBUG][nullEngine.object.component.FirstPersonCamera.mouseMoved(FirstPersonCamera.java:40)] Quaternion(0.0, -0.19080897, 0.0, 0.98162705)
[00:00:02][DEBUG][nullEngine.object.component.FirstPersonCamera.mouseMoved(FirstPersonCamera.java:41)] 
0.92718387 -0.0 -0.3746065 0.0
0.0 1.0 -0.0 0.0
0.3746065 0.0 0.92718387 0.0
0.0 0.0 0.0 1.0

[00:00:02][DEBUG][nullEngine.object.component.FirstPersonCamera.mouseMoved(FirstPersonCamera.java:43)] 


[00:00:02][DEBUG][nullEngine.object.component.FirstPersonCamera.mouseMoved(FirstPersonCamera.java:38)] 1
[00:00:02][DEBUG][nullEngine.object.component.FirstPersonCamera.mouseMoved(FirstPersonCamera.java:40)] Quaternion(0.0, -0.1993679, 0.0, 0.97992456)
[00:00:02][DEBUG][nullEngine.object.component.FirstPersonCamera.mouseMoved(FirstPersonCamera.java:41)] 
0.92050487 -0.0 -0.390731 0.0
0.0 1.0 -0.0 0.0
0.390731 0.0 0.92050487 0.0
0.0 0.0 0.0 1.0

[00:00:02][DEBUG][nullEngine.object.component.FirstPersonCamera.mouseMoved(FirstPersonCamera.java:43)] 


[00:00:02][DEBUG][nullEngine.object.component.FirstPersonCamera.mouseMoved(FirstPersonCamera.java:38)] 1
[00:00:02][DEBUG][nullEngine.object.component.FirstPersonCamera.mouseMoved(FirstPersonCamera.java:40)] Quaternion(0.0, -0.20791164, 0.0, 0.97814745)
[00:00:02][DEBUG][nullEngine.object.component.FirstPersonCamera.mouseMoved(FirstPersonCamera.java:41)] 
0.9135455 -0.0 -0.4067365 0.0
0.0 1.0 -0.0 0.0
0.4067365 0.0 0.9135455 0.0
0.0 0.0 0.0 1.0

[00:00:02][DEBUG][nullEngine.object.component.FirstPersonCamera.mouseMoved(FirstPersonCamera.java:43)] 


[00:00:02][DEBUG][nullEngine.object.component.FirstPersonCamera.mouseMoved(FirstPersonCamera.java:38)] 1
[00:00:02][DEBUG][nullEngine.object.component.FirstPersonCamera.mouseMoved(FirstPersonCamera.java:40)] Quaternion(0.0, -0.21643956, 0.0, 0.9762958)
[00:00:02][DEBUG][nullEngine.object.component.FirstPersonCamera.mouseMoved(FirstPersonCamera.java:41)] 
0.9063078 -0.0 -0.4226181 0.0
0.0 1.0 -0.0 0.0
0.4226181 0.0 0.9063078 0.0
0.0 0.0 0.0 1.0

[00:00:02][DEBUG][nullEngine.object.component.FirstPersonCamera.mouseMoved(FirstPersonCamera.java:43)] 


[00:00:02][DEBUG][nullEngine.object.component.FirstPersonCamera.mouseMoved(FirstPersonCamera.java:38)] 1
[00:00:02][DEBUG][nullEngine.object.component.FirstPersonCamera.mouseMoved(FirstPersonCamera.java:40)] Quaternion(0.0, -0.224951, 0.0, 0.9743699)
[00:00:02][DEBUG][nullEngine.object.component.FirstPersonCamera.mouseMoved(FirstPersonCamera.java:41)] 
0.8987941 -0.0 -0.43837094 0.0
0.0 1.0 -0.0 0.0
0.43837094 0.0 0.8987941 0.0
0.0 0.0 0.0 1.0

[00:00:02][DEBUG][nullEngine.object.component.FirstPersonCamera.mouseMoved(FirstPersonCamera.java:43)] 


[00:00:02][DEBUG][nullEngine.object.component.FirstPersonCamera.mouseMoved(FirstPersonCamera.java:38)] 1
[00:00:02][DEBUG][nullEngine.object.component.FirstPersonCamera.mouseMoved(FirstPersonCamera.java:40)] Quaternion(0.0, -0.2334453, 0.0, 0.97236973)
[00:00:02][DEBUG][nullEngine.object.component.FirstPersonCamera.mouseMoved(FirstPersonCamera.java:41)] 
0.8910066 -0.0 -0.45399028 0.0
0.0 1.0 -0.0 0.0
0.45399028 0.0 0.8910066 0.0
0.0 0.0 0.0 1.0

[00:00:02][DEBUG][nullEngine.object.component.FirstPersonCamera.mouseMoved(FirstPersonCamera.java:43)] 


[00:00:02][DEBUG][nullEngine.object.component.FirstPersonCamera.mouseMoved(FirstPersonCamera.java:38)] 1
[00:00:02][DEBUG][nullEngine.object.component.FirstPersonCamera.mouseMoved(FirstPersonCamera.java:40)] Quaternion(0.0, -0.24192183, 0.0, 0.97029555)
[00:00:02][DEBUG][nullEngine.object.component.FirstPersonCamera.mouseMoved(FirstPersonCamera.java:41)] 
0.8829477 -0.0 -0.46947134 0.0
0.0 1.0 -0.0 0.0
0.46947134 0.0 0.8829477 0.0
0.0 0.0 0.0 1.0

[00:00:02][DEBUG][nullEngine.object.component.FirstPersonCamera.mouseMoved(FirstPersonCamera.java:43)] 


[00:00:02][DEBUG][nullEngine.object.component.FirstPersonCamera.mouseMoved(FirstPersonCamera.java:38)] 1
[00:00:02][DEBUG][nullEngine.object.component.FirstPersonCamera.mouseMoved(FirstPersonCamera.java:40)] Quaternion(0.0, -0.25037995, 0.0, 0.96814746)
[00:00:02][DEBUG][nullEngine.object.component.FirstPersonCamera.mouseMoved(FirstPersonCamera.java:41)] 
0.8746198 -0.0 -0.48480943 0.0
0.0 1.0 -0.0 0.0
0.48480943 0.0 0.8746198 0.0
0.0 0.0 0.0 1.0

[00:00:02][DEBUG][nullEngine.object.component.FirstPersonCamera.mouseMoved(FirstPersonCamera.java:43)] 


[00:00:02][DEBUG][nullEngine.object.component.FirstPersonCamera.mouseMoved(FirstPersonCamera.java:38)] -1
[00:00:02][DEBUG][nullEngine.object.component.FirstPersonCamera.mouseMoved(FirstPersonCamera.java:40)] Quaternion(0.0, -0.24192184, 0.0, 0.9702955)
[00:00:02][DEBUG][nullEngine.object.component.FirstPersonCamera.mouseMoved(FirstPersonCamera.java:41)] 
0.8829476 -0.0 -0.46947134 0.0
0.0 1.0 -0.0 0.0
0.46947134 0.0 0.8829476 0.0
0.0 0.0 0.0 1.0

[00:00:02][DEBUG][nullEngine.object.component.FirstPersonCamera.mouseMoved(FirstPersonCamera.java:43)] 


[00:00:02][DEBUG][nullEngine.object.component.FirstPersonCamera.mouseMoved(FirstPersonCamera.java:38)] -1
[00:00:02][DEBUG][nullEngine.object.component.FirstPersonCamera.mouseMoved(FirstPersonCamera.java:40)] Quaternion(0.0, -0.23344532, 0.0, 0.9723697)
[00:00:02][DEBUG][nullEngine.object.component.FirstPersonCamera.mouseMoved(FirstPersonCamera.java:41)] 
0.8910066 -0.0 -0.45399028 0.0
0.0 1.0 -0.0 0.0
0.45399028 0.0 0.8910066 0.0
0.0 0.0 0.0 1.0

[00:00:02][DEBUG][nullEngine.object.component.FirstPersonCamera.mouseMoved(FirstPersonCamera.java:43)] 


[00:00:02][DEBUG][nullEngine.object.component.FirstPersonCamera.mouseMoved(FirstPersonCamera.java:38)] -1
[00:00:02][DEBUG][nullEngine.object.component.FirstPersonCamera.mouseMoved(FirstPersonCamera.java:40)] Quaternion(0.0, -0.224951, 0.0, 0.9743698)
[00:00:02][DEBUG][nullEngine.object.component.FirstPersonCamera.mouseMoved(FirstPersonCamera.java:41)] 
0.8987941 -0.0 -0.43837094 0.0
0.0 1.0 -0.0 0.0
0.43837094 0.0 0.8987941 0.0
0.0 0.0 0.0 1.0

[00:00:02][DEBUG][nullEngine.object.component.FirstPersonCamera.mouseMoved(FirstPersonCamera.java:43)] 


[00:00:02][DEBUG][nullEngine.object.component.FirstPersonCamera.mouseMoved(FirstPersonCamera.java:38)] -1
[00:00:02][DEBUG][nullEngine.object.component.FirstPersonCamera.mouseMoved(FirstPersonCamera.java:40)] Quaternion(0.0, -0.21643956, 0.0, 0.9762957)
[00:00:02][DEBUG][nullEngine.object.component.FirstPersonCamera.mouseMoved(FirstPersonCamera.java:41)] 
0.9063078 -0.0 -0.42261803 0.0
0.0 1.0 -0.0 0.0
0.42261803 0.0 0.9063078 0.0
0.0 0.0 0.0 1.0

[00:00:02][DEBUG][nullEngine.object.component.FirstPersonCamera.mouseMoved(FirstPersonCamera.java:43)] 


[00:00:02][DEBUG][nullEngine.object.component.FirstPersonCamera.mouseMoved(FirstPersonCamera.java:38)] -2
[00:00:02][DEBUG][nullEngine.object.component.FirstPersonCamera.mouseMoved(FirstPersonCamera.java:40)] Quaternion(0.0, -0.1993679, 0.0, 0.97992444)
