[00:00:00][DEBUG][nullEngine.util.logs.Logs.init(Logs.java:86)] Successfully initalized logs
[00:00:00][DEBUG][nullEngine.gl.Renderer.viewport(Renderer.java:25)] Viewport: 1280x720 @0, 0
[00:00:01][DEBUG][nullEngine.object.component.FirstPersonCamera.mouseMoved(FirstPersonCamera.java:43)] -1
[00:00:01][DEBUG][nullEngine.object.component.FirstPersonCamera.mouseMoved(FirstPersonCamera.java:45)] Quaternion(0.0, -0.008726535, 0.0, 0.9999619)
[00:00:01][DEBUG][nullEngine.object.component.FirstPersonCamera.mouseMoved(FirstPersonCamera.java:46)] 
0.9998477 -0.0 -0.017452406 0.0
0.0 1.0 -0.0 0.0
0.017452406 0.0 0.9998477 0.0
0.0 0.0 0.0 1.0

[00:00:01][DEBUG][nullEngine.object.component.FirstPersonCamera.mouseMoved(FirstPersonCamera.java:48)] 


[00:00:01][DEBUG][nullEngine.object.component.FirstPersonCamera.mouseMoved(FirstPersonCamera.java:43)] -1
[00:00:01][DEBUG][nullEngine.object.component.FirstPersonCamera.mouseMoved(FirstPersonCamera.java:45)] Quaternion(0.0, -0.017452406, 0.0, 0.99984765)
[00:00:01][DEBUG][nullEngine.object.component.FirstPersonCamera.mouseMoved(FirstPersonCamera.java:46)] 
0.99939084 -0.0 -0.034899496 0.0
0.0 1.0 -0.0 0.0
0.034899496 0.0 0.99939084 0.0
0.0 0.0 0.0 1.0

[00:00:01][DEBUG][nullEngine.object.component.FirstPersonCamera.mouseMoved(FirstPersonCamera.java:48)] 


[00:00:01][DEBUG][nullEngine.object.component.FirstPersonCamera.mouseMoved(FirstPersonCamera.java:43)] -1
[00:00:01][DEBUG][nullEngine.object.component.FirstPersonCamera.mouseMoved(FirstPersonCamera.java:45)] Quaternion(0.0, -0.026176946, 0.0, 0.9996573)
[00:00:01][DEBUG][nullEngine.object.component.FirstPersonCamera.mouseMoved(FirstPersonCamera.java:46)] 
0.9986295 -0.0 -0.052335948 0.0
0.0 1.0 -0.0 0.0
0.052335948 0.0 0.9986295 0.0
0.0 0.0 0.0 1.0

[00:00:01][DEBUG][nullEngine.object.component.FirstPersonCamera.mouseMoved(FirstPersonCamera.java:48)] 


[00:00:01][DEBUG][nullEngine.object.component.FirstPersonCamera.mouseMoved(FirstPersonCamera.java:43)] -1
[00:00:01][DEBUG][nullEngine.object.component.FirstPersonCamera.mouseMoved(FirstPersonCamera.java:45)] Quaternion(0.0, -0.034899496, 0.0, 0.9993908)
[00:00:01][DEBUG][nullEngine.object.component.FirstPersonCamera.mouseMoved(FirstPersonCamera.java:46)] 
0.9975641 -0.0 -0.06975647 0.0
0.0 1.0 -0.0 0.0
0.06975647 0.0 0.9975641 0.0
0.0 0.0 0.0 1.0

[00:00:01][DEBUG][nullEngine.object.component.FirstPersonCamera.mouseMoved(FirstPersonCamera.java:48)] 


[00:00:01][DEBUG][nullEngine.object.component.FirstPersonCamera.mouseMoved(FirstPersonCamera.java:43)] -1
[00:00:01][DEBUG][nullEngine.object.component.FirstPersonCamera.mouseMoved(FirstPersonCamera.java:45)] Quaternion(0.0, -0.043619387, 0.0, 0.9990481)
[00:00:01][DEBUG][nullEngine.object.component.FirstPersonCamera.mouseMoved(FirstPersonCamera.java:46)] 
0.9961947 -0.0 -0.08715573 0.0
0.0 1.0 -0.0 0.0
0.08715573 0.0 0.9961947 0.0
0.0 0.0 0.0 1.0

[00:00:01][DEBUG][nullEngine.object.component.FirstPersonCamera.mouseMoved(FirstPersonCamera.java:48)] 


[00:00:01][DEBUG][nullEngine.object.component.FirstPersonCamera.mouseMoved(FirstPersonCamera.java:43)] -1
[00:00:01][DEBUG][nullEngine.object.component.FirstPersonCamera.mouseMoved(FirstPersonCamera.java:45)] Quaternion(0.0, -0.052335955, 0.0, 0.99862945)
[00:00:01][DEBUG][nullEngine.object.component.FirstPersonCamera.mouseMoved(FirstPersonCamera.java:46)] 
0.9945219 -0.0 -0.10452845 0.0
0.0 1.0 -0.0 0.0
0.10452845 0.0 0.9945219 0.0
0.0 0.0 0.0 1.0

[00:00:01][DEBUG][nullEngine.object.component.FirstPersonCamera.mouseMoved(FirstPersonCamera.java:48)] 


[00:00:01][DEBUG][nullEngine.object.component.FirstPersonCamera.mouseMoved(FirstPersonCamera.java:43)] -1
[00:00:01][DEBUG][nullEngine.object.component.FirstPersonCamera.mouseMoved(FirstPersonCamera.java:45)] Quaternion(0.0, -0.061048537, 0.0, 0.99813473)
[00:00:01][DEBUG][nullEngine.object.component.FirstPersonCamera.mouseMoved(FirstPersonCamera.java:46)] 
0.99254614 -0.0 -0.12186933 0.0
0.0 1.0 -0.0 0.0
0.12186933 0.0 0.99254614 0.0
0.0 0.0 0.0 1.0

[00:00:01][DEBUG][nullEngine.object.component.FirstPersonCamera.mouseMoved(FirstPersonCamera.java:48)] 


[00:00:02][DEBUG][nullEngine.object.component.FirstPersonCamera.mouseMoved(FirstPersonCamera.java:43)] -2
[00:00:02][DEBUG][nullEngine.object.component.FirstPersonCamera.mouseMoved(FirstPersonCamera.java:45)] Quaternion(0.0, -0.07845909, 0.0, 0.9969173)
[00:00:02][DEBUG][nullEngine.object.component.FirstPersonCamera.mouseMoved(FirstPersonCamera.java:46)] 
0.98768836 -0.0 -0.15643445 0.0
0.0 1.0 -0.0 0.0
0.15643445 0.0 0.98768836 0.0
0.0 0.0 0.0 1.0

[00:00:02][DEBUG][nullEngine.object.component.FirstPersonCamera.mouseMoved(FirstPersonCamera.java:48)] 


[00:00:02][DEBUG][nullEngine.object.component.FirstPersonCamera.mouseMoved(FirstPersonCamera.java:43)] -4
[00:00:02][DEBUG][nullEngine.object.component.FirstPersonCamera.mouseMoved(FirstPersonCamera.java:45)] Quaternion(0.0, -0.11320321, 0.0, 0.9935719)
[00:00:02][DEBUG][nullEngine.object.component.FirstPersonCamera.mouseMoved(FirstPersonCamera.java:46)] 
0.97437006 -0.0 -0.22495106 0.0
0.0 1.0 -0.0 0.0
0.22495106 0.0 0.97437006 0.0
0.0 0.0 0.0 1.0

[00:00:02][DEBUG][nullEngine.object.component.FirstPersonCamera.mouseMoved(FirstPersonCamera.java:48)] 


[00:00:02][DEBUG][nullEngine.object.component.FirstPersonCamera.mouseMoved(FirstPersonCamera.java:43)] -6
[00:00:02][DEBUG][nullEngine.object.component.FirstPersonCamera.mouseMoved(FirstPersonCamera.java:45)] Quaternion(0.0, -0.1650476, 0.0, 0.9862856)
[00:00:02][DEBUG][nullEngine.object.component.FirstPersonCamera.mouseMoved(FirstPersonCamera.java:46)] 
0.94551855 -0.0 -0.32556814 0.0
0.0 1.0 -0.0 0.0
0.32556814 0.0 0.94551855 0.0
0.0 0.0 0.0 1.0

[00:00:02][DEBUG][nullEngine.object.component.FirstPersonCamera.mouseMoved(FirstPersonCamera.java:48)] 


[00:00:02][DEBUG][nullEngine.object.component.FirstPersonCamera.mouseMoved(FirstPersonCamera.java:43)] -4
[00:00:02][DEBUG][nullEngine.object.component.FirstPersonCamera.mouseMoved(FirstPersonCamera.java:45)] Quaternion(0.0, -0.19936794, 0.0, 0.97992474)
[00:00:02][DEBUG][nullEngine.object.component.FirstPersonCamera.mouseMoved(FirstPersonCamera.java:46)] 
0.92050487 -0.0 -0.39073116 0.0
0.0 1.0 -0.0 0.0
0.39073116 0.0 0.92050487 0.0
0.0 0.0 0.0 1.0

[00:00:02][DEBUG][nullEngine.object.component.FirstPersonCamera.mouseMoved(FirstPersonCamera.java:48)] 


[00:00:02][DEBUG][nullEngine.object.component.FirstPersonCamera.mouseMoved(FirstPersonCamera.java:43)] -2
[00:00:02][DEBUG][nullEngine.object.component.FirstPersonCamera.mouseMoved(FirstPersonCamera.java:45)] Quaternion(0.0, -0.21643962, 0.0, 0.97629607)
[00:00:02][DEBUG][nullEngine.object.component.FirstPersonCamera.mouseMoved(FirstPersonCamera.java:46)] 
0.90630776 -0.0 -0.4226183 0.0
0.0 1.0 -0.0 0.0
0.4226183 0.0 0.90630776 0.0
0.0 0.0 0.0 1.0

[00:00:02][DEBUG][nullEngine.object.component.FirstPersonCamera.mouseMoved(FirstPersonCamera.java:48)] 


[00:00:02][DEBUG][nullEngine.object.component.FirstPersonCamera.mouseMoved(FirstPersonCamera.java:43)] -1
[00:00:02][DEBUG][nullEngine.object.component.FirstPersonCamera.mouseMoved(FirstPersonCamera.java:45)] Quaternion(0.0, -0.22495106, 0.0, 0.9743701)
[00:00:02][DEBUG][nullEngine.object.component.FirstPersonCamera.mouseMoved(FirstPersonCamera.java:46)] 
0.89879405 -0.0 -0.43837118 0.0
0.0 1.0 -0.0 0.0
0.43837118 0.0 0.89879405 0.0
0.0 0.0 0.0 1.0

[00:00:02][DEBUG][nullEngine.object.component.FirstPersonCamera.mouseMoved(FirstPersonCamera.java:48)] 


[00:00:02][DEBUG][nullEngine.object.component.FirstPersonCamera.mouseMoved(FirstPersonCamera.java:43)] -1
[00:00:02][DEBUG][nullEngine.object.component.FirstPersonCamera.mouseMoved(FirstPersonCamera.java:45)] Quaternion(0.0, -0.23344536, 0.0, 0.97236997)
[00:00:02][DEBUG][nullEngine.object.component.FirstPersonCamera.mouseMoved(FirstPersonCamera.java:46)] 
0.8910065 -0.0 -0.45399052 0.0
0.0 1.0 -0.0 0.0
0.45399052 0.0 0.8910065 0.0
0.0 0.0 0.0 1.0

[00:00:02][DEBUG][nullEngine.object.component.FirstPersonCamera.mouseMoved(FirstPersonCamera.java:48)] 


[00:00:02][DEBUG][nullEngine.object.component.FirstPersonCamera.mouseMoved(FirstPersonCamera.java:43)] 1
[00:00:02][DEBUG][nullEngine.object.component.FirstPersonCamera.mouseMoved(FirstPersonCamera.java:45)] Quaternion(0.0, -0.22495104, 0.0, 0.9743701)
[00:00:02][DEBUG][nullEngine.object.component.FirstPersonCamera.mouseMoved(FirstPersonCamera.java:46)] 
0.89879405 -0.0 -0.43837115 0.0
0.0 1.0 -0.0 0.0
0.43837115 0.0 0.89879405 0.0
0.0 0.0 0.0 1.0

[00:00:02][DEBUG][nullEngine.object.component.FirstPersonCamera.mouseMoved(FirstPersonCamera.java:48)] 


[00:00:03][DEBUG][nullEngine.object.component.FirstPersonCamera.mouseMoved(FirstPersonCamera.java:43)] -1
[00:00:03][DEBUG][nullEngine.object.component.FirstPersonCamera.mouseMoved(FirstPersonCamera.java:45)] Quaternion(0.0, -0.23344535, 0.0, 0.97236997)
[00:00:03][DEBUG][nullEngine.object.component.FirstPersonCamera.mouseMoved(FirstPersonCamera.java:46)] 
0.8910065 -0.0 -0.4539905 0.0
0.0 1.0 -0.0 0.0
0.4539905 0.0 0.8910065 0.0
0.0 0.0 0.0 1.0

[00:00:03][DEBUG][nullEngine.object.component.FirstPersonCamera.mouseMoved(FirstPersonCamera.java:48)] 


[00:00:03][DEBUG][nullEngine.object.component.FirstPersonCamera.mouseMoved(FirstPersonCamera.java:43)] -1
[00:00:03][DEBUG][nullEngine.object.component.FirstPersonCamera.mouseMoved(FirstPersonCamera.java:45)] Quaternion(0.0, -0.24192187, 0.0, 0.9702958)
[00:00:03][DEBUG][nullEngine.object.component.FirstPersonCamera.mouseMoved(FirstPersonCamera.java:46)] 
0.8829476 -0.0 -0.46947154 0.0
0.0 1.0 -0.0 0.0
0.46947154 0.0 0.8829476 0.0
0.0 0.0 0.0 1.0

[00:00:03][DEBUG][nullEngine.object.component.FirstPersonCamera.mouseMoved(FirstPersonCamera.java:48)] 


[00:00:03][DEBUG][nullEngine.object.component.FirstPersonCamera.mouseMoved(FirstPersonCamera.java:43)] -1
[00:00:03][DEBUG][nullEngine.object.component.FirstPersonCamera.mouseMoved(FirstPersonCamera.java:45)] Quaternion(0.0, -0.25037998, 0.0, 0.9681477)
[00:00:03][DEBUG][nullEngine.object.component.FirstPersonCamera.mouseMoved(FirstPersonCamera.java:46)] 
0.8746197 -0.0 -0.4848096 0.0
0.0 1.0 -0.0 0.0
0.4848096 0.0 0.8746197 0.0
0.0 0.0 0.0 1.0

[00:00:03][DEBUG][nullEngine.object.component.FirstPersonCamera.mouseMoved(FirstPersonCamera.java:48)] 


[00:00:03][DEBUG][nullEngine.object.component.FirstPersonCamera.mouseMoved(FirstPersonCamera.java:43)] -2
[00:00:03][DEBUG][nullEngine.object.component.FirstPersonCamera.mouseMoved(FirstPersonCamera.java:45)] Quaternion(0.0, -0.26723838, 0.0, 0.9636305)
[00:00:03][DEBUG][nullEngine.object.component.FirstPersonCamera.mouseMoved(FirstPersonCamera.java:46)] 
0.8571673 -0.0 -0.51503813 0.0
0.0 1.0 -0.0 0.0
0.51503813 0.0 0.8571673 0.0
0.0 0.0 0.0 1.0

[00:00:03][DEBUG][nullEngine.object.component.FirstPersonCamera.mouseMoved(FirstPersonCamera.java:48)] 


[00:00:03][DEBUG][nullEngine.object.component.FirstPersonCamera.mouseMoved(FirstPersonCamera.java:43)] -1
[00:00:03][DEBUG][nullEngine.object.component.FirstPersonCamera.mouseMoved(FirstPersonCamera.java:45)] Quaternion(0.0, -0.27563733, 0.0, 0.9612617)
[00:00:03][DEBUG][nullEngine.object.component.FirstPersonCamera.mouseMoved(FirstPersonCamera.java:46)] 
0.8480481 -0.0 -0.5299192 0.0
0.0 1.0 -0.0 0.0
0.5299192 0.0 0.8480481 0.0
0.0 0.0 0.0 1.0

[00:00:03][DEBUG][nullEngine.object.component.FirstPersonCamera.mouseMoved(FirstPersonCamera.java:48)] 


[00:00:03][DEBUG][nullEngine.object.component.FirstPersonCamera.mouseMoved(FirstPersonCamera.java:43)] -2
[00:00:03][DEBUG][nullEngine.object.component.FirstPersonCamera.mouseMoved(FirstPersonCamera.java:45)] Quaternion(0.0, -0.29237166, 0.0, 0.9563048)
[00:00:03][DEBUG][nullEngine.object.component.FirstPersonCamera.mouseMoved(FirstPersonCamera.java:46)] 
0.8290376 -0.0 -0.55919284 0.0
0.0 1.0 -0.0 0.0
0.55919284 0.0 0.8290376 0.0
0.0 0.0 0.0 1.0

[00:00:03][DEBUG][nullEngine.object.component.FirstPersonCamera.mouseMoved(FirstPersonCamera.java:48)] 


[00:00:03][DEBUG][nullEngine.object.component.FirstPersonCamera.mouseMoved(FirstPersonCamera.java:43)] -2
[00:00:03][DEBUG][nullEngine.object.component.FirstPersonCamera.mouseMoved(FirstPersonCamera.java:45)] Quaternion(0.0, -0.30901694, 0.0, 0.9510566)
[00:00:03][DEBUG][nullEngine.object.component.FirstPersonCamera.mouseMoved(FirstPersonCamera.java:46)] 
0.80901706 -0.0 -0.5877852 0.0
0.0 1.0 -0.0 0.0
0.5877852 0.0 0.80901706 0.0
0.0 0.0 0.0 1.0

[00:00:03][DEBUG][nullEngine.object.component.FirstPersonCamera.mouseMoved(FirstPersonCamera.java:48)] 


[00:00:03][DEBUG][nullEngine.object.component.FirstPersonCamera.mouseMoved(FirstPersonCamera.java:43)] -2
[00:00:03][DEBUG][nullEngine.object.component.FirstPersonCamera.mouseMoved(FirstPersonCamera.java:45)] Quaternion(0.0, -0.3255681, 0.0, 0.9455187)
[00:00:03][DEBUG][nullEngine.object.component.FirstPersonCamera.mouseMoved(FirstPersonCamera.java:46)] 
0.78801084 -0.0 -0.61566144 0.0
0.0 1.0 -0.0 0.0
0.61566144 0.0 0.78801084 0.0
0.0 0.0 0.0 1.0

[00:00:03][DEBUG][nullEngine.object.component.FirstPersonCamera.mouseMoved(FirstPersonCamera.java:48)] 


[00:00:03][DEBUG][nullEngine.object.component.FirstPersonCamera.mouseMoved(FirstPersonCamera.java:43)] -1
[00:00:03][DEBUG][nullEngine.object.component.FirstPersonCamera.mouseMoved(FirstPersonCamera.java:45)] Quaternion(0.0, -0.3338068, 0.0, 0.9426416)
[00:00:03][DEBUG][nullEngine.object.component.FirstPersonCamera.mouseMoved(FirstPersonCamera.java:46)] 
0.77714604 -0.0 -0.6293204 0.0
0.0 1.0 -0.0 0.0
0.6293204 0.0 0.77714604 0.0
0.0 0.0 0.0 1.0

[00:00:03][DEBUG][nullEngine.object.component.FirstPersonCamera.mouseMoved(FirstPersonCamera.java:48)] 


[00:00:03][DEBUG][nullEngine.object.component.FirstPersonCamera.mouseMoved(FirstPersonCamera.java:43)] -1
[00:00:03][DEBUG][nullEngine.object.component.FirstPersonCamera.mouseMoved(FirstPersonCamera.java:45)] Quaternion(0.0, -0.3420201, 0.0, 0.93969274)
[00:00:03][DEBUG][nullEngine.object.component.FirstPersonCamera.mouseMoved(FirstPersonCamera.java:46)] 
0.7660445 -0.0 -0.6427876 0.0
0.0 1.0 -0.0 0.0
0.6427876 0.0 0.7660445 0.0
0.0 0.0 0.0 1.0

[00:00:03][DEBUG][nullEngine.object.component.FirstPersonCamera.mouseMoved(FirstPersonCamera.java:48)] 


[00:00:04][DEBUG][nullEngine.object.component.FirstPersonCamera.mouseMoved(FirstPersonCamera.java:43)] 0
[00:00:04][DEBUG][nullEngine.object.component.FirstPersonCamera.mouseMoved(FirstPersonCamera.java:45)] Quaternion(0.0, -0.3420201, 0.0, 0.93969274)
[00:00:04][DEBUG][nullEngine.object.component.FirstPersonCamera.mouseMoved(FirstPersonCamera.java:46)] 
0.7660445 -0.0 -0.6427876 0.0
0.0 1.0 -0.0 0.0
0.6427876 0.0 0.7660445 0.0
0.0 0.0 0.0 1.0

[00:00:04][DEBUG][nullEngine.object.component.FirstPersonCamera.mouseMoved(FirstPersonCamera.java:48)] 


[00:00:04][DEBUG][nullEngine.object.component.FirstPersonCamera.mouseMoved(FirstPersonCamera.java:43)] 1
[00:00:04][DEBUG][nullEngine.object.component.FirstPersonCamera.mouseMoved(FirstPersonCamera.java:45)] Quaternion(0.0, -0.3338068, 0.0, 0.9426416)
[00:00:04][DEBUG][nullEngine.object.component.FirstPersonCamera.mouseMoved(FirstPersonCamera.java:46)] 
0.77714604 -0.0 -0.6293204 0.0
0.0 1.0 -0.0 0.0
0.6293204 0.0 0.77714604 0.0
0.0 0.0 0.0 1.0

[00:00:04][DEBUG][nullEngine.object.component.FirstPersonCamera.mouseMoved(FirstPersonCamera.java:48)] 


[00:00:04][DEBUG][nullEngine.object.component.FirstPersonCamera.mouseMoved(FirstPersonCamera.java:43)] 1
[00:00:04][DEBUG][nullEngine.object.component.FirstPersonCamera.mouseMoved(FirstPersonCamera.java:45)] Quaternion(0.0, -0.32556808, 0.0, 0.94551873)
[00:00:04][DEBUG][nullEngine.object.component.FirstPersonCamera.mouseMoved(FirstPersonCamera.java:46)] 
0.78801084 -0.0 -0.61566144 0.0
0.0 1.0 -0.0 0.0
0.61566144 0.0 0.78801084 0.0
0.0 0.0 0.0 1.0

[00:00:04][DEBUG][nullEngine.object.component.FirstPersonCamera.mouseMoved(FirstPersonCamera.java:48)] 


[00:00:04][DEBUG][nullEngine.object.component.FirstPersonCamera.mouseMoved(FirstPersonCamera.java:43)] 1
[00:00:04][DEBUG][nullEngine.object.component.FirstPersonCamera.mouseMoved(FirstPersonCamera.java:45)] Quaternion(0.0, -0.31730458, 0.0, 0.9483238)
[00:00:04][DEBUG][nullEngine.object.component.FirstPersonCamera.mouseMoved(FirstPersonCamera.java:46)] 
0.7986356 -0.0 -0.601815 0.0
0.0 1.0 -0.0 0.0
0.601815 0.0 0.7986356 0.0
0.0 0.0 0.0 1.0

[00:00:04][DEBUG][nullEngine.object.component.FirstPersonCamera.mouseMoved(FirstPersonCamera.java:48)] 


[00:00:04][DEBUG][nullEngine.object.component.FirstPersonCamera.mouseMoved(FirstPersonCamera.java:43)] 1
[00:00:04][DEBUG][nullEngine.object.component.FirstPersonCamera.mouseMoved(FirstPersonCamera.java:45)] Quaternion(0.0, -0.3090169, 0.0, 0.95105666)
[00:00:04][DEBUG][nullEngine.object.component.FirstPersonCamera.mouseMoved(FirstPersonCamera.java:46)] 
0.80901706 -0.0 -0.5877852 0.0
0.0 1.0 -0.0 0.0
0.5877852 0.0 0.80901706 0.0
0.0 0.0 0.0 1.0

[00:00:04][DEBUG][nullEngine.object.component.FirstPersonCamera.mouseMoved(FirstPersonCamera.java:48)] 


[00:00:04][DEBUG][nullEngine.object.component.FirstPersonCamera.mouseMoved(FirstPersonCamera.java:43)] 1
[00:00:04][DEBUG][nullEngine.object.component.FirstPersonCamera.mouseMoved(FirstPersonCamera.java:45)] Quaternion(0.0, -0.3007057, 0.0, 0.95371705)
[00:00:04][DEBUG][nullEngine.object.component.FirstPersonCamera.mouseMoved(FirstPersonCamera.java:46)] 
0.8191522 -0.0 -0.57357633 0.0
0.0 1.0 -0.0 0.0
0.57357633 0.0 0.8191522 0.0
0.0 0.0 0.0 1.0

[00:00:04][DEBUG][nullEngine.object.component.FirstPersonCamera.mouseMoved(FirstPersonCamera.java:48)] 


[00:00:04][DEBUG][nullEngine.object.component.FirstPersonCamera.mouseMoved(FirstPersonCamera.java:43)] 1
[00:00:04][DEBUG][nullEngine.object.component.FirstPersonCamera.mouseMoved(FirstPersonCamera.java:45)] Quaternion(0.0, -0.2923716, 0.0, 0.95630485)
[00:00:04][DEBUG][nullEngine.object.component.FirstPersonCamera.mouseMoved(FirstPersonCamera.java:46)] 
0.82903767 -0.0 -0.5591928 0.0
0.0 1.0 -0.0 0.0
0.5591928 0.0 0.82903767 0.0
0.0 0.0 0.0 1.0

[00:00:04][DEBUG][nullEngine.object.component.FirstPersonCamera.mouseMoved(FirstPersonCamera.java:48)] 


[00:00:04][DEBUG][nullEngine.object.component.FirstPersonCamera.mouseMoved(FirstPersonCamera.java:43)] 0
[00:00:04][DEBUG][nullEngine.object.component.FirstPersonCamera.mouseMoved(FirstPersonCamera.java:45)] Quaternion(0.0, -0.2923716, 0.0, 0.95630485)
[00:00:04][DEBUG][nullEngine.object.component.FirstPersonCamera.mouseMoved(FirstPersonCamera.java:46)] 
0.82903767 -0.0 -0.5591928 0.0
0.0 1.0 -0.0 0.0
0.5591928 0.0 0.82903767 0.0
0.0 0.0 0.0 1.0

[00:00:04][DEBUG][nullEngine.object.component.FirstPersonCamera.mouseMoved(FirstPersonCamera.java:48)] 


[00:00:04][DEBUG][nullEngine.object.component.FirstPersonCamera.mouseMoved(FirstPersonCamera.java:43)] 1
[00:00:04][DEBUG][nullEngine.object.component.FirstPersonCamera.mouseMoved(FirstPersonCamera.java:45)] Quaternion(0.0, -0.28401524, 0.0, 0.9588198)
[00:00:04][DEBUG][nullEngine.object.component.FirstPersonCamera.mouseMoved(FirstPersonCamera.java:46)] 
0.8386707 -0.0 -0.5446389 0.0
0.0 1.0 -0.0 0.0
0.5446389 0.0 0.8386707 0.0
0.0 0.0 0.0 1.0

[00:00:04][DEBUG][nullEngine.object.component.FirstPersonCamera.mouseMoved(FirstPersonCamera.java:48)] 


[00:00:04][DEBUG][nullEngine.object.component.FirstPersonCamera.mouseMoved(FirstPersonCamera.java:43)] 1
[00:00:04][DEBUG][nullEngine.object.component.FirstPersonCamera.mouseMoved(FirstPersonCamera.java:45)] Quaternion(0.0, -0.27563724, 0.0, 0.96126175)
[00:00:04][DEBUG][nullEngine.object.component.FirstPersonCamera.mouseMoved(FirstPersonCamera.java:46)] 
0.8480482 -0.0 -0.5299191 0.0
0.0 1.0 -0.0 0.0
0.5299191 0.0 0.8480482 0.0
0.0 0.0 0.0 1.0

[00:00:04][DEBUG][nullEngine.object.component.FirstPersonCamera.mouseMoved(FirstPersonCamera.java:48)] 


[00:00:04][DEBUG][nullEngine.object.component.FirstPersonCamera.mouseMoved(FirstPersonCamera.java:43)] 1
[00:00:04][DEBUG][nullEngine.object.component.FirstPersonCamera.mouseMoved(FirstPersonCamera.java:45)] Quaternion(0.0, -0.26723826, 0.0, 0.9636305)
[00:00:04][DEBUG][nullEngine.object.component.FirstPersonCamera.mouseMoved(FirstPersonCamera.java:46)] 
0.8571674 -0.0 -0.5150379 0.0
0.0 1.0 -0.0 0.0
0.5150379 0.0 0.8571674 0.0
0.0 0.0 0.0 1.0

[00:00:04][DEBUG][nullEngine.object.component.FirstPersonCamera.mouseMoved(FirstPersonCamera.java:48)] 


[00:00:04][DEBUG][nullEngine.object.component.FirstPersonCamera.mouseMoved(FirstPersonCamera.java:43)] 1
[00:00:04][DEBUG][nullEngine.object.component.FirstPersonCamera.mouseMoved(FirstPersonCamera.java:45)] Quaternion(0.0, -0.25881892, 0.0, 0.9659259)
[00:00:04][DEBUG][nullEngine.object.component.FirstPersonCamera.mouseMoved(FirstPersonCamera.java:46)] 
0.8660255 -0.0 -0.4999998 0.0
0.0 1.0 -0.0 0.0
0.4999998 0.0 0.8660255 0.0
0.0 0.0 0.0 1.0

[00:00:04][DEBUG][nullEngine.object.component.FirstPersonCamera.mouseMoved(FirstPersonCamera.java:48)] 


[00:00:05][DEBUG][nullEngine.object.component.FirstPersonCamera.mouseMoved(FirstPersonCamera.java:43)] 1
[00:00:05][DEBUG][nullEngine.object.component.FirstPersonCamera.mouseMoved(FirstPersonCamera.java:45)] Quaternion(0.0, -0.25037986, 0.0, 0.9681477)
[00:00:05][DEBUG][nullEngine.object.component.FirstPersonCamera.mouseMoved(FirstPersonCamera.java:46)] 
0.87461984 -0.0 -0.48480937 0.0
0.0 1.0 -0.0 0.0
0.48480937 0.0 0.87461984 0.0
0.0 0.0 0.0 1.0

[00:00:05][DEBUG][nullEngine.object.component.FirstPersonCamera.mouseMoved(FirstPersonCamera.java:48)] 


[00:00:05][DEBUG][nullEngine.object.component.FirstPersonCamera.mouseMoved(FirstPersonCamera.java:43)] 1
[00:00:05][DEBUG][nullEngine.object.component.FirstPersonCamera.mouseMoved(FirstPersonCamera.java:45)] Quaternion(0.0, -0.24192175, 0.0, 0.9702957)
[00:00:05][DEBUG][nullEngine.object.component.FirstPersonCamera.mouseMoved(FirstPersonCamera.java:46)] 
0.88294774 -0.0 -0.46947128 0.0
0.0 1.0 -0.0 0.0
0.46947128 0.0 0.88294774 0.0
0.0 0.0 0.0 1.0

[00:00:05][DEBUG][nullEngine.object.component.FirstPersonCamera.mouseMoved(FirstPersonCamera.java:48)] 


[00:00:05][DEBUG][nullEngine.object.component.FirstPersonCamera.mouseMoved(FirstPersonCamera.java:43)] 1
[00:00:05][DEBUG][nullEngine.object.component.FirstPersonCamera.mouseMoved(FirstPersonCamera.java:45)] Quaternion(0.0, -0.23344523, 0.0, 0.9723699)
[00:00:05][DEBUG][nullEngine.object.component.FirstPersonCamera.mouseMoved(FirstPersonCamera.java:46)] 
0.89100665 -0.0 -0.45399022 0.0
0.0 1.0 -0.0 0.0
0.45399022 0.0 0.89100665 0.0
0.0 0.0 0.0 1.0

[00:00:05][DEBUG][nullEngine.object.component.FirstPersonCamera.mouseMoved(FirstPersonCamera.java:48)] 


[00:00:05][DEBUG][nullEngine.object.component.FirstPersonCamera.mouseMoved(FirstPersonCamera.java:43)] 1
[00:00:05][DEBUG][nullEngine.object.component.FirstPersonCamera.mouseMoved(FirstPersonCamera.java:45)] Quaternion(0.0, -0.22495091, 0.0, 0.97437006)
[00:00:05][DEBUG][nullEngine.object.component.FirstPersonCamera.mouseMoved(FirstPersonCamera.java:46)] 
0.8987942 -0.0 -0.43837085 0.0
0.0 1.0 -0.0 0.0
0.43837085 0.0 0.8987942 0.0
0.0 0.0 0.0 1.0

[00:00:05][DEBUG][nullEngine.object.component.FirstPersonCamera.mouseMoved(FirstPersonCamera.java:48)] 


[00:00:05][DEBUG][nullEngine.object.component.FirstPersonCamera.mouseMoved(FirstPersonCamera.java:43)] 3
[00:00:05][DEBUG][nullEngine.object.component.FirstPersonCamera.mouseMoved(FirstPersonCamera.java:45)] Quaternion(0.0, -0.19936779, 0.0, 0.9799247)
[00:00:05][DEBUG][nullEngine.object.component.FirstPersonCamera.mouseMoved(FirstPersonCamera.java:46)] 
0.920505 -0.0 -0.39073083 0.0
0.0 1.0 -0.0 0.0
0.39073083 0.0 0.920505 0.0
0.0 0.0 0.0 1.0

[00:00:05][DEBUG][nullEngine.object.component.FirstPersonCamera.mouseMoved(FirstPersonCamera.java:48)] 


[00:00:05][DEBUG][nullEngine.object.component.FirstPersonCamera.mouseMoved(FirstPersonCamera.java:43)] 3
[00:00:05][DEBUG][nullEngine.object.component.FirstPersonCamera.mouseMoved(FirstPersonCamera.java:45)] Quaternion(0.0, -0.17364803, 0.0, 0.9848077)
[00:00:05][DEBUG][nullEngine.object.component.FirstPersonCamera.mouseMoved(FirstPersonCamera.java:46)] 
0.93969274 -0.0 -0.34201986 0.0
0.0 1.0 -0.0 0.0
0.34201986 0.0 0.93969274 0.0
0.0 0.0 0.0 1.0

[00:00:05][DEBUG][nullEngine.object.component.FirstPersonCamera.mouseMoved(FirstPersonCamera.java:48)] 


[00:00:05][DEBUG][nullEngine.object.component.FirstPersonCamera.mouseMoved(FirstPersonCamera.java:43)] 2
[00:00:05][DEBUG][nullEngine.object.component.FirstPersonCamera.mouseMoved(FirstPersonCamera.java:45)] Quaternion(0.0, -0.15643431, 0.0, 0.98768836)
[00:00:05][DEBUG][nullEngine.object.component.FirstPersonCamera.mouseMoved(FirstPersonCamera.java:46)] 
0.9510566 -0.0 -0.3090167 0.0
0.0 1.0 -0.0 0.0
0.3090167 0.0 0.9510566 0.0
0.0 0.0 0.0 1.0

[00:00:05][DEBUG][nullEngine.object.component.FirstPersonCamera.mouseMoved(FirstPersonCamera.java:48)] 


[00:00:05][DEBUG][nullEngine.object.component.FirstPersonCamera.mouseMoved(FirstPersonCamera.java:43)] 2
[00:00:05][DEBUG][nullEngine.object.component.FirstPersonCamera.mouseMoved(FirstPersonCamera.java:45)] Quaternion(0.0, -0.13917294, 0.0, 0.99026805)
[00:00:05][DEBUG][nullEngine.object.component.FirstPersonCamera.mouseMoved(FirstPersonCamera.java:46)] 
0.9612618 -0.0 -0.27563703 0.0
0.0 1.0 -0.0 0.0
0.27563703 0.0 0.9612618 0.0
0.0 0.0 0.0 1.0

[00:00:05][DEBUG][nullEngine.object.component.FirstPersonCamera.mouseMoved(FirstPersonCamera.java:48)] 


[00:00:05][DEBUG][nullEngine.object.component.FirstPersonCamera.mouseMoved(FirstPersonCamera.java:43)] 1
[00:00:05][DEBUG][nullEngine.object.component.FirstPersonCamera.mouseMoved(FirstPersonCamera.java:45)] Quaternion(0.0, -0.13052602, 0.0, 0.9914448)
[00:00:05][DEBUG][nullEngine.object.component.FirstPersonCamera.mouseMoved(FirstPersonCamera.java:46)] 
0.96592593 -0.0 -0.2588187 0.0
0.0 1.0 -0.0 0.0
0.2588187 0.0 0.96592593 0.0
0.0 0.0 0.0 1.0

[00:00:05][DEBUG][nullEngine.object.component.FirstPersonCamera.mouseMoved(FirstPersonCamera.java:48)] 


[00:00:05][DEBUG][nullEngine.object.component.FirstPersonCamera.mouseMoved(FirstPersonCamera.java:43)] 1
[00:00:05][DEBUG][nullEngine.object.component.FirstPersonCamera.mouseMoved(FirstPersonCamera.java:45)] Quaternion(0.0, -0.12186916, 0.0, 0.9925461)
[00:00:05][DEBUG][nullEngine.object.component.FirstPersonCamera.mouseMoved(FirstPersonCamera.java:46)] 
0.9702958 -0.0 -0.24192151 0.0
0.0 1.0 -0.0 0.0
0.24192151 0.0 0.9702958 0.0
0.0 0.0 0.0 1.0

[00:00:05][DEBUG][nullEngine.object.component.FirstPersonCamera.mouseMoved(FirstPersonCamera.java:48)] 


[00:00:05][DEBUG][nullEngine.object.component.FirstPersonCamera.mouseMoved(FirstPersonCamera.java:43)] 1
[00:00:05][DEBUG][nullEngine.object.component.FirstPersonCamera.mouseMoved(FirstPersonCamera.java:45)] Quaternion(0.0, -0.113203034, 0.0, 0.99357176)
[00:00:05][DEBUG][nullEngine.object.component.FirstPersonCamera.mouseMoved(FirstPersonCamera.java:46)] 
0.9743701 -0.0 -0.22495067 0.0
0.0 1.0 -0.0 0.0
0.22495067 0.0 0.9743701 0.0
0.0 0.0 0.0 1.0

[00:00:05][DEBUG][nullEngine.object.component.FirstPersonCamera.mouseMoved(FirstPersonCamera.java:48)] 


[00:00:05][DEBUG][nullEngine.object.component.FirstPersonCamera.mouseMoved(FirstPersonCamera.java:43)] 2
[00:00:05][DEBUG][nullEngine.object.component.FirstPersonCamera.mouseMoved(FirstPersonCamera.java:45)] Quaternion(0.0, -0.09584558, 0.0, 0.9953961)
[00:00:05][DEBUG][nullEngine.object.component.FirstPersonCamera.mouseMoved(FirstPersonCamera.java:46)] 
0.9816272 -0.0 -0.19080862 0.0
0.0 1.0 -0.0 0.0
0.19080862 0.0 0.9816272 0.0
0.0 0.0 0.0 1.0

[00:00:05][DEBUG][nullEngine.object.component.FirstPersonCamera.mouseMoved(FirstPersonCamera.java:48)] 


[00:00:05][DEBUG][nullEngine.object.component.FirstPersonCamera.mouseMoved(FirstPersonCamera.java:43)] 1
[00:00:05][DEBUG][nullEngine.object.component.FirstPersonCamera.mouseMoved(FirstPersonCamera.java:45)] Quaternion(0.0, -0.08715557, 0.0, 0.99619454)
[00:00:05][DEBUG][nullEngine.object.component.FirstPersonCamera.mouseMoved(FirstPersonCamera.java:46)] 
0.9848078 -0.0 -0.1736478 0.0
0.0 1.0 -0.0 0.0
0.1736478 0.0 0.9848078 0.0
0.0 0.0 0.0 1.0

[00:00:05][DEBUG][nullEngine.object.component.FirstPersonCamera.mouseMoved(FirstPersonCamera.java:48)] 


[00:00:05][DEBUG][nullEngine.object.component.FirstPersonCamera.mouseMoved(FirstPersonCamera.java:43)] 1
[00:00:05][DEBUG][nullEngine.object.component.FirstPersonCamera.mouseMoved(FirstPersonCamera.java:45)] Quaternion(0.0, -0.07845892, 0.0, 0.9969171)
[00:00:05][DEBUG][nullEngine.object.component.FirstPersonCamera.mouseMoved(FirstPersonCamera.java:46)] 
0.9876884 -0.0 -0.15643409 0.0
0.0 1.0 -0.0 0.0
0.15643409 0.0 0.9876884 0.0
0.0 0.0 0.0 1.0

[00:00:05][DEBUG][nullEngine.object.component.FirstPersonCamera.mouseMoved(FirstPersonCamera.java:48)] 


[00:00:05][DEBUG][nullEngine.object.component.FirstPersonCamera.mouseMoved(FirstPersonCamera.java:43)] 1
[00:00:05][DEBUG][nullEngine.object.component.FirstPersonCamera.mouseMoved(FirstPersonCamera.java:45)] Quaternion(0.0, -0.0697563, 0.0, 0.99756384)
[00:00:05][DEBUG][nullEngine.object.component.FirstPersonCamera.mouseMoved(FirstPersonCamera.java:46)] 
0.9902681 -0.0 -0.13917272 0.0
0.0 1.0 -0.0 0.0
0.13917272 0.0 0.9902681 0.0
0.0 0.0 0.0 1.0

[00:00:05][DEBUG][nullEngine.object.component.FirstPersonCamera.mouseMoved(FirstPersonCamera.java:48)] 


[00:00:05][DEBUG][nullEngine.object.component.FirstPersonCamera.mouseMoved(FirstPersonCamera.java:43)] 1
[00:00:05][DEBUG][nullEngine.object.component.FirstPersonCamera.mouseMoved(FirstPersonCamera.java:45)] Quaternion(0.0, -0.061048362, 0.0, 0.9981346)
[00:00:05][DEBUG][nullEngine.object.component.FirstPersonCamera.mouseMoved(FirstPersonCamera.java:46)] 
0.9925462 -0.0 -0.12186897 0.0
0.0 1.0 -0.0 0.0
0.12186897 0.0 0.9925462 0.0
0.0 0.0 0.0 1.0

[00:00:05][DEBUG][nullEngine.object.component.FirstPersonCamera.mouseMoved(FirstPersonCamera.java:48)] 


[00:00:06][DEBUG][nullEngine.object.component.FirstPersonCamera.mouseMoved(FirstPersonCamera.java:43)] 1
[00:00:06][DEBUG][nullEngine.object.component.FirstPersonCamera.mouseMoved(FirstPersonCamera.java:45)] Quaternion(0.0, -0.05233578, 0.0, 0.99862933)
[00:00:06][DEBUG][nullEngine.object.component.FirstPersonCamera.mouseMoved(FirstPersonCamera.java:46)] 
0.9945219 -0.0 -0.10452809 0.0
0.0 1.0 -0.0 0.0
0.10452809 0.0 0.9945219 0.0
0.0 0.0 0.0 1.0

[00:00:06][DEBUG][nullEngine.object.component.FirstPersonCamera.mouseMoved(FirstPersonCamera.java:48)] 


[00:00:06][DEBUG][nullEngine.object.component.FirstPersonCamera.mouseMoved(FirstPersonCamera.java:43)] 2
[00:00:06][DEBUG][nullEngine.object.component.FirstPersonCamera.mouseMoved(FirstPersonCamera.java:45)] Quaternion(0.0, -0.034899328, 0.0, 0.99939066)
[00:00:06][DEBUG][nullEngine.object.component.FirstPersonCamera.mouseMoved(FirstPersonCamera.java:46)] 
0.9975641 -0.0 -0.06975613 0.0
0.0 1.0 -0.0 0.0
0.06975613 0.0 0.9975641 0.0
0.0 0.0 0.0 1.0

[00:00:06][DEBUG][nullEngine.object.component.FirstPersonCamera.mouseMoved(FirstPersonCamera.java:48)] 


[00:00:06][DEBUG][nullEngine.object.component.FirstPersonCamera.mouseMoved(FirstPersonCamera.java:43)] 1
[00:00:06][DEBUG][nullEngine.object.component.FirstPersonCamera.mouseMoved(FirstPersonCamera.java:45)] Quaternion(0.0, -0.02617678, 0.0, 0.99965715)
[00:00:06][DEBUG][nullEngine.object.component.FirstPersonCamera.mouseMoved(FirstPersonCamera.java:46)] 
0.99862957 -0.0 -0.052335612 0.0
0.0 1.0 -0.0 0.0
0.052335612 0.0 0.99862957 0.0
0.0 0.0 0.0 1.0

[00:00:06][DEBUG][nullEngine.object.component.FirstPersonCamera.mouseMoved(FirstPersonCamera.java:48)] 


[00:00:06][DEBUG][nullEngine.object.component.FirstPersonCamera.mouseMoved(FirstPersonCamera.java:43)] 1
[00:00:06][DEBUG][nullEngine.object.component.FirstPersonCamera.mouseMoved(FirstPersonCamera.java:45)] Quaternion(0.0, -0.01745224, 0.0, 0.9998475)
[00:00:06][DEBUG][nullEngine.object.component.FirstPersonCamera.mouseMoved(FirstPersonCamera.java:46)] 
0.99939084 -0.0 -0.034899157 0.0
0.0 1.0 -0.0 0.0
0.034899157 0.0 0.99939084 0.0
0.0 0.0 0.0 1.0

[00:00:06][DEBUG][nullEngine.object.component.FirstPersonCamera.mouseMoved(FirstPersonCamera.java:48)] 


[00:00:06][DEBUG][nullEngine.object.component.FirstPersonCamera.mouseMoved(FirstPersonCamera.java:43)] 1
[00:00:06][DEBUG][nullEngine.object.component.FirstPersonCamera.mouseMoved(FirstPersonCamera.java:45)] Quaternion(0.0, -0.0087263705, 0.0, 0.9999617)
[00:00:06][DEBUG][nullEngine.object.component.FirstPersonCamera.mouseMoved(FirstPersonCamera.java:46)] 
0.9998477 -0.0 -0.017452072 0.0
0.0 1.0 -0.0 0.0
0.017452072 0.0 0.9998477 0.0
0.0 0.0 0.0 1.0

[00:00:06][DEBUG][nullEngine.object.component.FirstPersonCamera.mouseMoved(FirstPersonCamera.java:48)] 


[00:00:06][DEBUG][nullEngine.object.component.FirstPersonCamera.mouseMoved(FirstPersonCamera.java:43)] 2
[00:00:06][DEBUG][nullEngine.object.component.FirstPersonCamera.mouseMoved(FirstPersonCamera.java:45)] Quaternion(0.0, 0.008726696, 0.0, 0.9999617)
[00:00:06][DEBUG][nullEngine.object.component.FirstPersonCamera.mouseMoved(FirstPersonCamera.java:46)] 
0.9998477 0.0 0.017452722 0.0
0.0 1.0 0.0 0.0
-0.017452722 0.0 0.9998477 0.0
0.0 0.0 0.0 1.0

[00:00:06][DEBUG][nullEngine.object.component.FirstPersonCamera.mouseMoved(FirstPersonCamera.java:48)] 


[00:00:06][DEBUG][nullEngine.object.component.FirstPersonCamera.mouseMoved(FirstPersonCamera.java:43)] 1
[00:00:06][DEBUG][nullEngine.object.component.FirstPersonCamera.mouseMoved(FirstPersonCamera.java:45)] Quaternion(0.0, 0.017452564, 0.0, 0.9998474)
[00:00:06][DEBUG][nullEngine.object.component.FirstPersonCamera.mouseMoved(FirstPersonCamera.java:46)] 
0.99939084 0.0 0.0348998 0.0
0.0 1.0 0.0 0.0
-0.0348998 0.0 0.99939084 0.0
0.0 0.0 0.0 1.0

[00:00:06][DEBUG][nullEngine.object.component.FirstPersonCamera.mouseMoved(FirstPersonCamera.java:48)] 


[00:00:06][DEBUG][nullEngine.object.component.FirstPersonCamera.mouseMoved(FirstPersonCamera.java:43)] 2
[00:00:06][DEBUG][nullEngine.object.component.FirstPersonCamera.mouseMoved(FirstPersonCamera.java:45)] Quaternion(0.0, 0.03489965, 0.0, 0.99939054)
[00:00:06][DEBUG][nullEngine.object.component.FirstPersonCamera.mouseMoved(FirstPersonCamera.java:46)] 
0.997564 0.0 0.069756754 0.0
0.0 1.0 0.0 0.0
-0.069756754 0.0 0.997564 0.0
0.0 0.0 0.0 1.0

[00:00:06][DEBUG][nullEngine.object.component.FirstPersonCamera.mouseMoved(FirstPersonCamera.java:48)] 


[00:00:06][DEBUG][nullEngine.object.component.FirstPersonCamera.mouseMoved(FirstPersonCamera.java:43)] 1
[00:00:06][DEBUG][nullEngine.object.component.FirstPersonCamera.mouseMoved(FirstPersonCamera.java:45)] Quaternion(0.0, 0.043619536, 0.0, 0.9990479)
[00:00:06][DEBUG][nullEngine.object.component.FirstPersonCamera.mouseMoved(FirstPersonCamera.java:46)] 
0.99619466 0.0 0.08715601 0.0
0.0 1.0 0.0 0.0
-0.08715601 0.0 0.99619466 0.0
0.0 0.0 0.0 1.0

[00:00:06][DEBUG][nullEngine.object.component.FirstPersonCamera.mouseMoved(FirstPersonCamera.java:48)] 


[00:00:06][DEBUG][nullEngine.object.component.FirstPersonCamera.mouseMoved(FirstPersonCamera.java:43)] 1
[00:00:06][DEBUG][nullEngine.object.component.FirstPersonCamera.mouseMoved(FirstPersonCamera.java:45)] Quaternion(0.0, 0.0523361, 0.0, 0.9986292)
[00:00:06][DEBUG][nullEngine.object.component.FirstPersonCamera.mouseMoved(FirstPersonCamera.java:46)] 
0.99452186 0.0 0.10452872 0.0
0.0 1.0 0.0 0.0
-0.10452872 0.0 0.99452186 0.0
0.0 0.0 0.0 1.0

[00:00:06][DEBUG][nullEngine.object.component.FirstPersonCamera.mouseMoved(FirstPersonCamera.java:48)] 


[00:00:06][DEBUG][nullEngine.object.component.FirstPersonCamera.mouseMoved(FirstPersonCamera.java:43)] 2
[00:00:06][DEBUG][nullEngine.object.component.FirstPersonCamera.mouseMoved(FirstPersonCamera.java:45)] Quaternion(0.0, 0.06975661, 0.0, 0.9975638)
[00:00:06][DEBUG][nullEngine.object.component.FirstPersonCamera.mouseMoved(FirstPersonCamera.java:46)] 
0.99026805 0.0 0.13917334 0.0
0.0 1.0 0.0 0.0
-0.13917334 0.0 0.99026805 0.0
0.0 0.0 0.0 1.0

[00:00:06][DEBUG][nullEngine.object.component.FirstPersonCamera.mouseMoved(FirstPersonCamera.java:48)] 


[00:00:06][DEBUG][nullEngine.object.component.FirstPersonCamera.mouseMoved(FirstPersonCamera.java:43)] 2
[00:00:06][DEBUG][nullEngine.object.component.FirstPersonCamera.mouseMoved(FirstPersonCamera.java:45)] Quaternion(0.0, 0.08715588, 0.0, 0.9961944)
[00:00:06][DEBUG][nullEngine.object.component.FirstPersonCamera.mouseMoved(FirstPersonCamera.java:46)] 
0.9848077 0.0 0.1736484 0.0
0.0 1.0 0.0 0.0
-0.1736484 0.0 0.9848077 0.0
0.0 0.0 0.0 1.0

[00:00:06][DEBUG][nullEngine.object.component.FirstPersonCamera.mouseMoved(FirstPersonCamera.java:48)] 


[00:00:06][DEBUG][nullEngine.object.component.FirstPersonCamera.mouseMoved(FirstPersonCamera.java:43)] 1
[00:00:06][DEBUG][nullEngine.object.component.FirstPersonCamera.mouseMoved(FirstPersonCamera.java:45)] Quaternion(0.0, 0.09584588, 0.0, 0.9953959)
[00:00:06][DEBUG][nullEngine.object.component.FirstPersonCamera.mouseMoved(FirstPersonCamera.java:46)] 
0.9816271 0.0 0.19080919 0.0
0.0 1.0 0.0 0.0
-0.19080919 0.0 0.9816271 0.0
0.0 0.0 0.0 1.0

[00:00:06][DEBUG][nullEngine.object.component.FirstPersonCamera.mouseMoved(FirstPersonCamera.java:48)] 


[00:00:06][DEBUG][nullEngine.object.component.FirstPersonCamera.mouseMoved(FirstPersonCamera.java:43)] 1
[00:00:06][DEBUG][nullEngine.object.component.FirstPersonCamera.mouseMoved(FirstPersonCamera.java:45)] Quaternion(0.0, 0.10452858, 0.0, 0.99452156)
[00:00:06][DEBUG][nullEngine.object.component.FirstPersonCamera.mouseMoved(FirstPersonCamera.java:46)] 
0.97814757 0.0 0.20791186 0.0
0.0 1.0 0.0 0.0
-0.20791186 0.0 0.97814757 0.0
0.0 0.0 0.0 1.0

[00:00:06][DEBUG][nullEngine.object.component.FirstPersonCamera.mouseMoved(FirstPersonCamera.java:48)] 


[00:00:06][DEBUG][nullEngine.object.component.FirstPersonCamera.mouseMoved(FirstPersonCamera.java:43)] 1
[00:00:06][DEBUG][nullEngine.object.component.FirstPersonCamera.mouseMoved(FirstPersonCamera.java:45)] Quaternion(0.0, 0.11320333, 0.0, 0.9935715)
[00:00:06][DEBUG][nullEngine.object.component.FirstPersonCamera.mouseMoved(FirstPersonCamera.java:46)] 
0.97437 0.0 0.22495121 0.0
0.0 1.0 0.0 0.0
-0.22495121 0.0 0.97437 0.0
0.0 0.0 0.0 1.0

[00:00:06][DEBUG][nullEngine.object.component.FirstPersonCamera.mouseMoved(FirstPersonCamera.java:48)] 


[00:00:07][DEBUG][nullEngine.object.component.FirstPersonCamera.mouseMoved(FirstPersonCamera.java:43)] -1
[00:00:07][DEBUG][nullEngine.object.component.FirstPersonCamera.mouseMoved(FirstPersonCamera.java:45)] Quaternion(0.0, 0.10452858, 0.0, 0.99452156)
[00:00:07][DEBUG][nullEngine.object.component.FirstPersonCamera.mouseMoved(FirstPersonCamera.java:46)] 
0.97814757 0.0 0.20791186 0.0
0.0 1.0 0.0 0.0
-0.20791186 0.0 0.97814757 0.0
0.0 0.0 0.0 1.0

[00:00:07][DEBUG][nullEngine.object.component.FirstPersonCamera.mouseMoved(FirstPersonCamera.java:48)] 


[00:00:07][DEBUG][nullEngine.object.component.FirstPersonCamera.mouseMoved(FirstPersonCamera.java:43)] -1
[00:00:07][DEBUG][nullEngine.object.component.FirstPersonCamera.mouseMoved(FirstPersonCamera.java:45)] Quaternion(0.0, 0.09584588, 0.0, 0.9953959)
[00:00:07][DEBUG][nullEngine.object.component.FirstPersonCamera.mouseMoved(FirstPersonCamera.java:46)] 
0.9816271 0.0 0.19080919 0.0
0.0 1.0 0.0 0.0
-0.19080919 0.0 0.9816271 0.0
0.0 0.0 0.0 1.0

[00:00:07][DEBUG][nullEngine.object.component.FirstPersonCamera.mouseMoved(FirstPersonCamera.java:48)] 


[00:00:07][DEBUG][nullEngine.object.component.FirstPersonCamera.mouseMoved(FirstPersonCamera.java:43)] -1
[00:00:07][DEBUG][nullEngine.object.component.FirstPersonCamera.mouseMoved(FirstPersonCamera.java:45)] Quaternion(0.0, 0.08715587, 0.0, 0.9961944)
[00:00:07][DEBUG][nullEngine.object.component.FirstPersonCamera.mouseMoved(FirstPersonCamera.java:46)] 
0.9848077 0.0 0.17364839 0.0
0.0 1.0 0.0 0.0
-0.17364839 0.0 0.9848077 0.0
0.0 0.0 0.0 1.0

[00:00:07][DEBUG][nullEngine.object.component.FirstPersonCamera.mouseMoved(FirstPersonCamera.java:48)] 


[00:00:07][DEBUG][nullEngine.object.component.FirstPersonCamera.mouseMoved(FirstPersonCamera.java:43)] -1
