[00:00:00][DEBUG][nullEngine.util.logs.Logs.init(Logs.java:86)] Successfully initalized logs
[00:00:00][DEBUG][nullEngine.gl.Renderer.viewport(Renderer.java:25)] Viewport: 1280x720 @0, 0
[00:00:00][DEBUG][nullEngine.object.component.FirstPersonCamera.mouseMoved(FirstPersonCamera.java:38)] 0
[00:00:00][DEBUG][nullEngine.object.component.FirstPersonCamera.mouseMoved(FirstPersonCamera.java:40)] Quaternion(0.0, 0.0, 0.0, 1.0)
[00:00:00][DEBUG][nullEngine.object.component.FirstPersonCamera.mouseMoved(FirstPersonCamera.java:41)] 
1.0 0.0 0.0 0.0
0.0 1.0 0.0 0.0
0.0 0.0 1.0 0.0
0.0 0.0 0.0 1.0

[00:00:00][DEBUG][nullEngine.object.component.FirstPersonCamera.mouseMoved(FirstPersonCamera.java:43)] 


[00:00:01][DEBUG][nullEngine.object.component.FirstPersonCamera.mouseMoved(FirstPersonCamera.java:38)] 1
[00:00:01][DEBUG][nullEngine.object.component.FirstPersonCamera.mouseMoved(FirstPersonCamera.java:40)] Quaternion(0.0, 0.008726535, 0.0, 0.9999619)
[00:00:01][DEBUG][nullEngine.object.component.FirstPersonCamera.mouseMoved(FirstPersonCamera.java:41)] 
0.9998477 0.0 0.017452406 0.0
0.0 1.0 0.0 0.0
-0.017452406 0.0 0.9998477 0.0
0.0 0.0 0.0 1.0

[00:00:01][DEBUG][nullEngine.object.component.FirstPersonCamera.mouseMoved(FirstPersonCamera.java:43)] 


[00:00:01][DEBUG][nullEngine.object.component.FirstPersonCamera.mouseMoved(FirstPersonCamera.java:38)] 1
[00:00:01][DEBUG][nullEngine.object.component.FirstPersonCamera.mouseMoved(FirstPersonCamera.java:40)] Quaternion(0.0, 0.017452406, 0.0, 0.99984765)
[00:00:01][DEBUG][nullEngine.object.component.FirstPersonCamera.mouseMoved(FirstPersonCamera.java:41)] 
0.99939084 0.0 0.034899496 0.0
0.0 1.0 0.0 0.0
-0.034899496 0.0 0.99939084 0.0
0.0 0.0 0.0 1.0

[00:00:01][DEBUG][nullEngine.object.component.FirstPersonCamera.mouseMoved(FirstPersonCamera.java:43)] 


[00:00:01][DEBUG][nullEngine.object.component.FirstPersonCamera.mouseMoved(FirstPersonCamera.java:38)] -1
[00:00:01][DEBUG][nullEngine.object.component.FirstPersonCamera.mouseMoved(FirstPersonCamera.java:40)] Quaternion(0.0, 0.008726535, 0.0, 0.99996185)
[00:00:01][DEBUG][nullEngine.object.component.FirstPersonCamera.mouseMoved(FirstPersonCamera.java:41)] 
0.9998477 0.0 0.017452406 0.0
0.0 1.0 0.0 0.0
-0.017452406 0.0 0.9998477 0.0
0.0 0.0 0.0 1.0

[00:00:01][DEBUG][nullEngine.object.component.FirstPersonCamera.mouseMoved(FirstPersonCamera.java:43)] 


[00:00:01][DEBUG][nullEngine.object.component.FirstPersonCamera.mouseMoved(FirstPersonCamera.java:38)] 0
[00:00:01][DEBUG][nullEngine.object.component.FirstPersonCamera.mouseMoved(FirstPersonCamera.java:40)] Quaternion(0.0, 0.008726535, 0.0, 0.99996185)
[00:00:01][DEBUG][nullEngine.object.component.FirstPersonCamera.mouseMoved(FirstPersonCamera.java:41)] 
0.9998477 0.0 0.017452406 0.0
0.0 1.0 0.0 0.0
-0.017452406 0.0 0.9998477 0.0
0.0 0.0 0.0 1.0

[00:00:01][DEBUG][nullEngine.object.component.FirstPersonCamera.mouseMoved(FirstPersonCamera.java:43)] 


[00:00:01][DEBUG][nullEngine.object.component.FirstPersonCamera.mouseMoved(FirstPersonCamera.java:38)] 2
[00:00:01][DEBUG][nullEngine.object.component.FirstPersonCamera.mouseMoved(FirstPersonCamera.java:40)] Quaternion(0.0, 0.026176948, 0.0, 0.9996573)
[00:00:01][DEBUG][nullEngine.object.component.FirstPersonCamera.mouseMoved(FirstPersonCamera.java:41)] 
0.9986295 0.0 0.05233595 0.0
0.0 1.0 0.0 0.0
-0.05233595 0.0 0.9986295 0.0
0.0 0.0 0.0 1.0

[00:00:01][DEBUG][nullEngine.object.component.FirstPersonCamera.mouseMoved(FirstPersonCamera.java:43)] 


[00:00:01][DEBUG][nullEngine.object.component.FirstPersonCamera.mouseMoved(FirstPersonCamera.java:38)] 3
[00:00:01][DEBUG][nullEngine.object.component.FirstPersonCamera.mouseMoved(FirstPersonCamera.java:40)] Quaternion(0.0, 0.052335955, 0.0, 0.9986295)
[00:00:01][DEBUG][nullEngine.object.component.FirstPersonCamera.mouseMoved(FirstPersonCamera.java:41)] 
0.9945219 0.0 0.10452846 0.0
0.0 1.0 0.0 0.0
-0.10452846 0.0 0.9945219 0.0
0.0 0.0 0.0 1.0

[00:00:01][DEBUG][nullEngine.object.component.FirstPersonCamera.mouseMoved(FirstPersonCamera.java:43)] 


[00:00:01][DEBUG][nullEngine.object.component.FirstPersonCamera.mouseMoved(FirstPersonCamera.java:38)] 1
[00:00:01][DEBUG][nullEngine.object.component.FirstPersonCamera.mouseMoved(FirstPersonCamera.java:40)] Quaternion(0.0, 0.061048537, 0.0, 0.9981348)
[00:00:01][DEBUG][nullEngine.object.component.FirstPersonCamera.mouseMoved(FirstPersonCamera.java:41)] 
0.99254614 0.0 0.12186934 0.0
0.0 1.0 0.0 0.0
-0.12186934 0.0 0.99254614 0.0
0.0 0.0 0.0 1.0

[00:00:01][DEBUG][nullEngine.object.component.FirstPersonCamera.mouseMoved(FirstPersonCamera.java:43)] 


[00:00:01][DEBUG][nullEngine.object.component.FirstPersonCamera.mouseMoved(FirstPersonCamera.java:38)] -1
[00:00:01][DEBUG][nullEngine.object.component.FirstPersonCamera.mouseMoved(FirstPersonCamera.java:40)] Quaternion(0.0, 0.052335955, 0.0, 0.9986295)
[00:00:01][DEBUG][nullEngine.object.component.FirstPersonCamera.mouseMoved(FirstPersonCamera.java:41)] 
0.9945219 0.0 0.10452846 0.0
0.0 1.0 0.0 0.0
-0.10452846 0.0 0.9945219 0.0
0.0 0.0 0.0 1.0

[00:00:01][DEBUG][nullEngine.object.component.FirstPersonCamera.mouseMoved(FirstPersonCamera.java:43)] 


[00:00:01][DEBUG][nullEngine.object.component.FirstPersonCamera.mouseMoved(FirstPersonCamera.java:38)] -1
[00:00:01][DEBUG][nullEngine.object.component.FirstPersonCamera.mouseMoved(FirstPersonCamera.java:40)] Quaternion(0.0, 0.043619387, 0.0, 0.9990482)
[00:00:01][DEBUG][nullEngine.object.component.FirstPersonCamera.mouseMoved(FirstPersonCamera.java:41)] 
0.9961947 0.0 0.08715574 0.0
0.0 1.0 0.0 0.0
-0.08715574 0.0 0.9961947 0.0
0.0 0.0 0.0 1.0

[00:00:01][DEBUG][nullEngine.object.component.FirstPersonCamera.mouseMoved(FirstPersonCamera.java:43)] 


[00:00:01][DEBUG][nullEngine.object.component.FirstPersonCamera.mouseMoved(FirstPersonCamera.java:38)] -1
[00:00:01][DEBUG][nullEngine.object.component.FirstPersonCamera.mouseMoved(FirstPersonCamera.java:40)] Quaternion(0.0, 0.034899496, 0.0, 0.9993908)
[00:00:01][DEBUG][nullEngine.object.component.FirstPersonCamera.mouseMoved(FirstPersonCamera.java:41)] 
0.9975641 0.0 0.06975647 0.0
0.0 1.0 0.0 0.0
-0.06975647 0.0 0.9975641 0.0
0.0 0.0 0.0 1.0

[00:00:01][DEBUG][nullEngine.object.component.FirstPersonCamera.mouseMoved(FirstPersonCamera.java:43)] 


[00:00:01][DEBUG][nullEngine.object.component.FirstPersonCamera.mouseMoved(FirstPersonCamera.java:38)] -1
[00:00:01][DEBUG][nullEngine.object.component.FirstPersonCamera.mouseMoved(FirstPersonCamera.java:40)] Quaternion(0.0, 0.026176946, 0.0, 0.9996573)
[00:00:01][DEBUG][nullEngine.object.component.FirstPersonCamera.mouseMoved(FirstPersonCamera.java:41)] 
0.9986295 0.0 0.052335948 0.0
0.0 1.0 0.0 0.0
-0.052335948 0.0 0.9986295 0.0
0.0 0.0 0.0 1.0

[00:00:01][DEBUG][nullEngine.object.component.FirstPersonCamera.mouseMoved(FirstPersonCamera.java:43)] 


[00:00:01][DEBUG][nullEngine.object.component.FirstPersonCamera.mouseMoved(FirstPersonCamera.java:38)] -1
[00:00:01][DEBUG][nullEngine.object.component.FirstPersonCamera.mouseMoved(FirstPersonCamera.java:40)] Quaternion(0.0, 0.017452404, 0.0, 0.9998476)
[00:00:01][DEBUG][nullEngine.object.component.FirstPersonCamera.mouseMoved(FirstPersonCamera.java:41)] 
0.99939084 0.0 0.034899488 0.0
0.0 1.0 0.0 0.0
-0.034899488 0.0 0.99939084 0.0
0.0 0.0 0.0 1.0

[00:00:01][DEBUG][nullEngine.object.component.FirstPersonCamera.mouseMoved(FirstPersonCamera.java:43)] 


[00:00:01][DEBUG][nullEngine.object.component.FirstPersonCamera.mouseMoved(FirstPersonCamera.java:38)] -1
[00:00:01][DEBUG][nullEngine.object.component.FirstPersonCamera.mouseMoved(FirstPersonCamera.java:40)] Quaternion(0.0, 0.0087265335, 0.0, 0.9999618)
[00:00:01][DEBUG][nullEngine.object.component.FirstPersonCamera.mouseMoved(FirstPersonCamera.java:41)] 
0.9998477 0.0 0.0174524 0.0
0.0 1.0 0.0 0.0
-0.0174524 0.0 0.9998477 0.0
0.0 0.0 0.0 1.0

[00:00:01][DEBUG][nullEngine.object.component.FirstPersonCamera.mouseMoved(FirstPersonCamera.java:43)] 


[00:00:01][DEBUG][nullEngine.object.component.FirstPersonCamera.mouseMoved(FirstPersonCamera.java:38)] -2
[00:00:01][DEBUG][nullEngine.object.component.FirstPersonCamera.mouseMoved(FirstPersonCamera.java:40)] Quaternion(0.0, -0.008726534, 0.0, 0.9999618)
[00:00:01][DEBUG][nullEngine.object.component.FirstPersonCamera.mouseMoved(FirstPersonCamera.java:41)] 
0.9998477 -0.0 -0.017452402 0.0
0.0 1.0 -0.0 0.0
0.017452402 0.0 0.9998477 0.0
0.0 0.0 0.0 1.0

[00:00:01][DEBUG][nullEngine.object.component.FirstPersonCamera.mouseMoved(FirstPersonCamera.java:43)] 


[00:00:01][DEBUG][nullEngine.object.component.FirstPersonCamera.mouseMoved(FirstPersonCamera.java:38)] -1
[00:00:01][DEBUG][nullEngine.object.component.FirstPersonCamera.mouseMoved(FirstPersonCamera.java:40)] Quaternion(0.0, -0.017452404, 0.0, 0.99984753)
[00:00:01][DEBUG][nullEngine.object.component.FirstPersonCamera.mouseMoved(FirstPersonCamera.java:41)] 
0.99939084 -0.0 -0.034899484 0.0
0.0 1.0 -0.0 0.0
0.034899484 0.0 0.99939084 0.0
0.0 0.0 0.0 1.0

[00:00:01][DEBUG][nullEngine.object.component.FirstPersonCamera.mouseMoved(FirstPersonCamera.java:43)] 


[00:00:01][DEBUG][nullEngine.object.component.FirstPersonCamera.mouseMoved(FirstPersonCamera.java:38)] -1
[00:00:01][DEBUG][nullEngine.object.component.FirstPersonCamera.mouseMoved(FirstPersonCamera.java:40)] Quaternion(0.0, -0.026176944, 0.0, 0.99965715)
[00:00:01][DEBUG][nullEngine.object.component.FirstPersonCamera.mouseMoved(FirstPersonCamera.java:41)] 
0.9986295 -0.0 -0.05233594 0.0
0.0 1.0 -0.0 0.0
0.05233594 0.0 0.9986295 0.0
0.0 0.0 0.0 1.0

[00:00:01][DEBUG][nullEngine.object.component.FirstPersonCamera.mouseMoved(FirstPersonCamera.java:43)] 


[00:00:02][DEBUG][nullEngine.object.component.FirstPersonCamera.mouseMoved(FirstPersonCamera.java:38)] -2
[00:00:02][DEBUG][nullEngine.object.component.FirstPersonCamera.mouseMoved(FirstPersonCamera.java:40)] Quaternion(0.0, -0.04361938, 0.0, 0.99904805)
[00:00:02][DEBUG][nullEngine.object.component.FirstPersonCamera.mouseMoved(FirstPersonCamera.java:41)] 
0.9961947 -0.0 -0.087155715 0.0
0.0 1.0 -0.0 0.0
0.087155715 0.0 0.9961947 0.0
0.0 0.0 0.0 1.0

[00:00:02][DEBUG][nullEngine.object.component.FirstPersonCamera.mouseMoved(FirstPersonCamera.java:43)] 


[00:00:02][DEBUG][nullEngine.object.component.FirstPersonCamera.mouseMoved(FirstPersonCamera.java:38)] -2
[00:00:02][DEBUG][nullEngine.object.component.FirstPersonCamera.mouseMoved(FirstPersonCamera.java:40)] Quaternion(0.0, -0.06104853, 0.0, 0.9981346)
[00:00:02][DEBUG][nullEngine.object.component.FirstPersonCamera.mouseMoved(FirstPersonCamera.java:41)] 
0.99254614 -0.0 -0.1218693 0.0
0.0 1.0 -0.0 0.0
0.1218693 0.0 0.99254614 0.0
0.0 0.0 0.0 1.0

[00:00:02][DEBUG][nullEngine.object.component.FirstPersonCamera.mouseMoved(FirstPersonCamera.java:43)] 


[00:00:02][DEBUG][nullEngine.object.component.FirstPersonCamera.mouseMoved(FirstPersonCamera.java:38)] -1
[00:00:02][DEBUG][nullEngine.object.component.FirstPersonCamera.mouseMoved(FirstPersonCamera.java:40)] Quaternion(0.0, -0.06975646, 0.0, 0.99756384)
[00:00:02][DEBUG][nullEngine.object.component.FirstPersonCamera.mouseMoved(FirstPersonCamera.java:41)] 
0.99026805 -0.0 -0.13917305 0.0
0.0 1.0 -0.0 0.0
0.13917305 0.0 0.99026805 0.0
0.0 0.0 0.0 1.0

[00:00:02][DEBUG][nullEngine.object.component.FirstPersonCamera.mouseMoved(FirstPersonCamera.java:43)] 


[00:00:02][DEBUG][nullEngine.object.component.FirstPersonCamera.mouseMoved(FirstPersonCamera.java:38)] -2
[00:00:02][DEBUG][nullEngine.object.component.FirstPersonCamera.mouseMoved(FirstPersonCamera.java:40)] Quaternion(0.0, -0.08715573, 0.0, 0.9961945)
[00:00:02][DEBUG][nullEngine.object.component.FirstPersonCamera.mouseMoved(FirstPersonCamera.java:41)] 
0.9848077 -0.0 -0.17364812 0.0
0.0 1.0 -0.0 0.0
0.17364812 0.0 0.9848077 0.0
0.0 0.0 0.0 1.0

[00:00:02][DEBUG][nullEngine.object.component.FirstPersonCamera.mouseMoved(FirstPersonCamera.java:43)] 


[00:00:02][DEBUG][nullEngine.object.component.FirstPersonCamera.mouseMoved(FirstPersonCamera.java:38)] -1
[00:00:02][DEBUG][nullEngine.object.component.FirstPersonCamera.mouseMoved(FirstPersonCamera.java:40)] Quaternion(0.0, -0.09584573, 0.0, 0.99539596)
[00:00:02][DEBUG][nullEngine.object.component.FirstPersonCamera.mouseMoved(FirstPersonCamera.java:41)] 
0.98162717 -0.0 -0.1908089 0.0
0.0 1.0 -0.0 0.0
0.1908089 0.0 0.98162717 0.0
0.0 0.0 0.0 1.0

[00:00:02][DEBUG][nullEngine.object.component.FirstPersonCamera.mouseMoved(FirstPersonCamera.java:43)] 


[00:00:02][DEBUG][nullEngine.object.component.FirstPersonCamera.mouseMoved(FirstPersonCamera.java:38)] 0
[00:00:02][DEBUG][nullEngine.object.component.FirstPersonCamera.mouseMoved(FirstPersonCamera.java:40)] Quaternion(0.0, -0.09584573, 0.0, 0.99539596)
[00:00:02][DEBUG][nullEngine.object.component.FirstPersonCamera.mouseMoved(FirstPersonCamera.java:41)] 
0.98162717 -0.0 -0.1908089 0.0
0.0 1.0 -0.0 0.0
0.1908089 0.0 0.98162717 0.0
0.0 0.0 0.0 1.0

[00:00:02][DEBUG][nullEngine.object.component.FirstPersonCamera.mouseMoved(FirstPersonCamera.java:43)] 


[00:00:02][DEBUG][nullEngine.object.component.FirstPersonCamera.mouseMoved(FirstPersonCamera.java:38)] -1
[00:00:02][DEBUG][nullEngine.object.component.FirstPersonCamera.mouseMoved(FirstPersonCamera.java:40)] Quaternion(0.0, -0.104528435, 0.0, 0.9945217)
[00:00:02][DEBUG][nullEngine.object.component.FirstPersonCamera.mouseMoved(FirstPersonCamera.java:41)] 
0.9781476 -0.0 -0.20791158 0.0
0.0 1.0 -0.0 0.0
0.20791158 0.0 0.9781476 0.0
0.0 0.0 0.0 1.0

[00:00:02][DEBUG][nullEngine.object.component.FirstPersonCamera.mouseMoved(FirstPersonCamera.java:43)] 


[00:00:02][DEBUG][nullEngine.object.component.FirstPersonCamera.mouseMoved(FirstPersonCamera.java:38)] -1
[00:00:02][DEBUG][nullEngine.object.component.FirstPersonCamera.mouseMoved(FirstPersonCamera.java:40)] Quaternion(0.0, -0.11320318, 0.0, 0.99357164)
[00:00:02][DEBUG][nullEngine.object.component.FirstPersonCamera.mouseMoved(FirstPersonCamera.java:41)] 
0.97437006 -0.0 -0.22495094 0.0
0.0 1.0 -0.0 0.0
0.22495094 0.0 0.97437006 0.0
0.0 0.0 0.0 1.0

[00:00:02][DEBUG][nullEngine.object.component.FirstPersonCamera.mouseMoved(FirstPersonCamera.java:43)] 


[00:00:02][DEBUG][nullEngine.object.component.FirstPersonCamera.mouseMoved(FirstPersonCamera.java:38)] -1
[00:00:02][DEBUG][nullEngine.object.component.FirstPersonCamera.mouseMoved(FirstPersonCamera.java:40)] Quaternion(0.0, -0.12186931, 0.0, 0.9925459)
[00:00:02][DEBUG][nullEngine.object.component.FirstPersonCamera.mouseMoved(FirstPersonCamera.java:41)] 
0.9702957 -0.0 -0.24192177 0.0
0.0 1.0 -0.0 0.0
0.24192177 0.0 0.9702957 0.0
0.0 0.0 0.0 1.0

[00:00:02][DEBUG][nullEngine.object.component.FirstPersonCamera.mouseMoved(FirstPersonCamera.java:43)] 


[00:00:02][DEBUG][nullEngine.object.component.FirstPersonCamera.mouseMoved(FirstPersonCamera.java:38)] -1
[00:00:02][DEBUG][nullEngine.object.component.FirstPersonCamera.mouseMoved(FirstPersonCamera.java:40)] Quaternion(0.0, -0.13052616, 0.0, 0.9914446)
[00:00:02][DEBUG][nullEngine.object.component.FirstPersonCamera.mouseMoved(FirstPersonCamera.java:41)] 
0.9659259 -0.0 -0.2588189 0.0
0.0 1.0 -0.0 0.0
0.2588189 0.0 0.9659259 0.0
0.0 0.0 0.0 1.0

[00:00:02][DEBUG][nullEngine.object.component.FirstPersonCamera.mouseMoved(FirstPersonCamera.java:43)] 


[00:00:02][DEBUG][nullEngine.object.component.FirstPersonCamera.mouseMoved(FirstPersonCamera.java:38)] -2
[00:00:02][DEBUG][nullEngine.object.component.FirstPersonCamera.mouseMoved(FirstPersonCamera.java:40)] Quaternion(0.0, -0.14780937, 0.0, 0.98901564)
[00:00:02][DEBUG][nullEngine.object.component.FirstPersonCamera.mouseMoved(FirstPersonCamera.java:41)] 
0.9563048 -0.0 -0.29237157 0.0
0.0 1.0 -0.0 0.0
0.29237157 0.0 0.9563048 0.0
0.0 0.0 0.0 1.0

[00:00:02][DEBUG][nullEngine.object.component.FirstPersonCamera.mouseMoved(FirstPersonCamera.java:43)] 


[00:00:02][DEBUG][nullEngine.object.component.FirstPersonCamera.mouseMoved(FirstPersonCamera.java:38)] -1
[00:00:02][DEBUG][nullEngine.object.component.FirstPersonCamera.mouseMoved(FirstPersonCamera.java:40)] Quaternion(0.0, -0.15643442, 0.0, 0.9876881)
[00:00:02][DEBUG][nullEngine.object.component.FirstPersonCamera.mouseMoved(FirstPersonCamera.java:41)] 
0.95105654 -0.0 -0.30901682 0.0
0.0 1.0 -0.0 0.0
0.30901682 0.0 0.95105654 0.0
0.0 0.0 0.0 1.0

[00:00:02][DEBUG][nullEngine.object.component.FirstPersonCamera.mouseMoved(FirstPersonCamera.java:43)] 


[00:00:02][DEBUG][nullEngine.object.component.FirstPersonCamera.mouseMoved(FirstPersonCamera.java:38)] -1
[00:00:02][DEBUG][nullEngine.object.component.FirstPersonCamera.mouseMoved(FirstPersonCamera.java:40)] Quaternion(0.0, -0.16504756, 0.0, 0.9862854)
[00:00:02][DEBUG][nullEngine.object.component.FirstPersonCamera.mouseMoved(FirstPersonCamera.java:41)] 
0.9455186 -0.0 -0.325568 0.0
0.0 1.0 -0.0 0.0
0.325568 0.0 0.9455186 0.0
0.0 0.0 0.0 1.0

[00:00:02][DEBUG][nullEngine.object.component.FirstPersonCamera.mouseMoved(FirstPersonCamera.java:43)] 


[00:00:02][DEBUG][nullEngine.object.component.FirstPersonCamera.mouseMoved(FirstPersonCamera.java:38)] -2
[00:00:02][DEBUG][nullEngine.object.component.FirstPersonCamera.mouseMoved(FirstPersonCamera.java:40)] Quaternion(0.0, -0.18223546, 0.0, 0.98325473)
[00:00:02][DEBUG][nullEngine.object.component.FirstPersonCamera.mouseMoved(FirstPersonCamera.java:41)] 
0.93358046 -0.0 -0.35836777 0.0
0.0 1.0 -0.0 0.0
0.35836777 0.0 0.93358046 0.0
0.0 0.0 0.0 1.0

[00:00:02][DEBUG][nullEngine.object.component.FirstPersonCamera.mouseMoved(FirstPersonCamera.java:43)] 


[00:00:02][DEBUG][nullEngine.object.component.FirstPersonCamera.mouseMoved(FirstPersonCamera.java:38)] -3
[00:00:02][DEBUG][nullEngine.object.component.FirstPersonCamera.mouseMoved(FirstPersonCamera.java:40)] Quaternion(0.0, -0.20791163, 0.0, 0.9781474)
[00:00:02][DEBUG][nullEngine.object.component.FirstPersonCamera.mouseMoved(FirstPersonCamera.java:41)] 
0.9135455 -0.0 -0.40673643 0.0
0.0 1.0 -0.0 0.0
0.40673643 0.0 0.9135455 0.0
0.0 0.0 0.0 1.0

[00:00:02][DEBUG][nullEngine.object.component.FirstPersonCamera.mouseMoved(FirstPersonCamera.java:43)] 


[00:00:02][DEBUG][nullEngine.object.component.FirstPersonCamera.mouseMoved(FirstPersonCamera.java:38)] -2
[00:00:02][DEBUG][nullEngine.object.component.FirstPersonCamera.mouseMoved(FirstPersonCamera.java:40)] Quaternion(0.0, -0.22495098, 0.0, 0.9743699)
[00:00:02][DEBUG][nullEngine.object.component.FirstPersonCamera.mouseMoved(FirstPersonCamera.java:41)] 
0.8987941 -0.0 -0.43837094 0.0
0.0 1.0 -0.0 0.0
0.43837094 0.0 0.8987941 0.0
0.0 0.0 0.0 1.0

[00:00:02][DEBUG][nullEngine.object.component.FirstPersonCamera.mouseMoved(FirstPersonCamera.java:43)] 


[00:00:02][DEBUG][nullEngine.object.component.FirstPersonCamera.mouseMoved(FirstPersonCamera.java:38)] -2
[00:00:02][DEBUG][nullEngine.object.component.FirstPersonCamera.mouseMoved(FirstPersonCamera.java:40)] Quaternion(0.0, -0.24192183, 0.0, 0.97029555)
[00:00:02][DEBUG][nullEngine.object.component.FirstPersonCamera.mouseMoved(FirstPersonCamera.java:41)] 
0.8829477 -0.0 -0.46947134 0.0
0.0 1.0 -0.0 0.0
0.46947134 0.0 0.8829477 0.0
0.0 0.0 0.0 1.0

[00:00:02][DEBUG][nullEngine.object.component.FirstPersonCamera.mouseMoved(FirstPersonCamera.java:43)] 


[00:00:02][DEBUG][nullEngine.object.component.FirstPersonCamera.mouseMoved(FirstPersonCamera.java:38)] -3
[00:00:02][DEBUG][nullEngine.object.component.FirstPersonCamera.mouseMoved(FirstPersonCamera.java:40)] Quaternion(0.0, -0.26723832, 0.0, 0.9636303)
[00:00:02][DEBUG][nullEngine.object.component.FirstPersonCamera.mouseMoved(FirstPersonCamera.java:41)] 
0.85716736 -0.0 -0.5150379 0.0
0.0 1.0 -0.0 0.0
0.5150379 0.0 0.85716736 0.0
0.0 0.0 0.0 1.0

[00:00:02][DEBUG][nullEngine.object.component.FirstPersonCamera.mouseMoved(FirstPersonCamera.java:43)] 


[00:00:02][DEBUG][nullEngine.object.component.FirstPersonCamera.mouseMoved(FirstPersonCamera.java:38)] -2
[00:00:02][DEBUG][nullEngine.object.component.FirstPersonCamera.mouseMoved(FirstPersonCamera.java:40)] Quaternion(0.0, -0.28401527, 0.0, 0.9588196)
[00:00:02][DEBUG][nullEngine.object.component.FirstPersonCamera.mouseMoved(FirstPersonCamera.java:41)] 
0.8386707 -0.0 -0.5446388 0.0
0.0 1.0 -0.0 0.0
0.5446388 0.0 0.8386707 0.0
0.0 0.0 0.0 1.0

[00:00:02][DEBUG][nullEngine.object.component.FirstPersonCamera.mouseMoved(FirstPersonCamera.java:43)] 


[00:00:02][DEBUG][nullEngine.object.component.FirstPersonCamera.mouseMoved(FirstPersonCamera.java:38)] -2
[00:00:02][DEBUG][nullEngine.object.component.FirstPersonCamera.mouseMoved(FirstPersonCamera.java:40)] Quaternion(0.0, -0.30070573, 0.0, 0.9537169)
[00:00:02][DEBUG][nullEngine.object.component.FirstPersonCamera.mouseMoved(FirstPersonCamera.java:41)] 
0.8191521 -0.0 -0.5735763 0.0
0.0 1.0 -0.0 0.0
0.5735763 0.0 0.8191521 0.0
0.0 0.0 0.0 1.0

[00:00:02][DEBUG][nullEngine.object.component.FirstPersonCamera.mouseMoved(FirstPersonCamera.java:43)] 


[00:00:02][DEBUG][nullEngine.object.component.FirstPersonCamera.mouseMoved(FirstPersonCamera.java:38)] 0
[00:00:02][DEBUG][nullEngine.object.component.FirstPersonCamera.mouseMoved(FirstPersonCamera.java:40)] Quaternion(0.0, -0.30070573, 0.0, 0.9537169)
[00:00:02][DEBUG][nullEngine.object.component.FirstPersonCamera.mouseMoved(FirstPersonCamera.java:41)] 
0.8191521 -0.0 -0.5735763 0.0
0.0 1.0 -0.0 0.0
0.5735763 0.0 0.8191521 0.0
0.0 0.0 0.0 1.0

[00:00:02][DEBUG][nullEngine.object.component.FirstPersonCamera.mouseMoved(FirstPersonCamera.java:43)] 


[00:00:02][DEBUG][nullEngine.object.component.FirstPersonCamera.mouseMoved(FirstPersonCamera.java:38)] -1
[00:00:02][DEBUG][nullEngine.object.component.FirstPersonCamera.mouseMoved(FirstPersonCamera.java:40)] Quaternion(0.0, -0.30901694, 0.0, 0.9510565)
[00:00:02][DEBUG][nullEngine.object.component.FirstPersonCamera.mouseMoved(FirstPersonCamera.java:41)] 
0.80901706 -0.0 -0.5877851 0.0
0.0 1.0 -0.0 0.0
0.5877851 0.0 0.80901706 0.0
0.0 0.0 0.0 1.0

[00:00:02][DEBUG][nullEngine.object.component.FirstPersonCamera.mouseMoved(FirstPersonCamera.java:43)] 


[00:00:02][DEBUG][nullEngine.object.component.FirstPersonCamera.mouseMoved(FirstPersonCamera.java:38)] -2
[00:00:02][DEBUG][nullEngine.object.component.FirstPersonCamera.mouseMoved(FirstPersonCamera.java:40)] Quaternion(0.0, -0.3255681, 0.0, 0.94551855)
[00:00:02][DEBUG][nullEngine.object.component.FirstPersonCamera.mouseMoved(FirstPersonCamera.java:41)] 
0.78801084 -0.0 -0.6156614 0.0
0.0 1.0 -0.0 0.0
0.6156614 0.0 0.78801084 0.0
0.0 0.0 0.0 1.0

[00:00:02][DEBUG][nullEngine.object.component.FirstPersonCamera.mouseMoved(FirstPersonCamera.java:43)] 


[00:00:02][DEBUG][nullEngine.object.component.FirstPersonCamera.mouseMoved(FirstPersonCamera.java:38)] -1
[00:00:02][DEBUG][nullEngine.object.component.FirstPersonCamera.mouseMoved(FirstPersonCamera.java:40)] Quaternion(0.0, -0.3338068, 0.0, 0.9426415)
[00:00:02][DEBUG][nullEngine.object.component.FirstPersonCamera.mouseMoved(FirstPersonCamera.java:41)] 
0.77714604 -0.0 -0.6293203 0.0
0.0 1.0 -0.0 0.0
0.6293203 0.0 0.77714604 0.0
0.0 0.0 0.0 1.0

[00:00:02][DEBUG][nullEngine.object.component.FirstPersonCamera.mouseMoved(FirstPersonCamera.java:43)] 


[00:00:02][DEBUG][nullEngine.object.component.FirstPersonCamera.mouseMoved(FirstPersonCamera.java:38)] -1
[00:00:02][DEBUG][nullEngine.object.component.FirstPersonCamera.mouseMoved(FirstPersonCamera.java:40)] Quaternion(0.0, -0.3420201, 0.0, 0.9396926)
[00:00:02][DEBUG][nullEngine.object.component.FirstPersonCamera.mouseMoved(FirstPersonCamera.java:41)] 
0.7660445 -0.0 -0.6427875 0.0
0.0 1.0 -0.0 0.0
0.6427875 0.0 0.7660445 0.0
0.0 0.0 0.0 1.0

[00:00:02][DEBUG][nullEngine.object.component.FirstPersonCamera.mouseMoved(FirstPersonCamera.java:43)] 


[00:00:02][DEBUG][nullEngine.object.component.FirstPersonCamera.mouseMoved(FirstPersonCamera.java:38)] -2
[00:00:02][DEBUG][nullEngine.object.component.FirstPersonCamera.mouseMoved(FirstPersonCamera.java:40)] Quaternion(0.0, -0.3583679, 0.0, 0.93358046)
[00:00:02][DEBUG][nullEngine.object.component.FirstPersonCamera.mouseMoved(FirstPersonCamera.java:41)] 
0.74314487 -0.0 -0.6691305 0.0
0.0 1.0 -0.0 0.0
0.6691305 0.0 0.74314487 0.0
0.0 0.0 0.0 1.0

[00:00:02][DEBUG][nullEngine.object.component.FirstPersonCamera.mouseMoved(FirstPersonCamera.java:43)] 


[00:00:02][DEBUG][nullEngine.object.component.FirstPersonCamera.mouseMoved(FirstPersonCamera.java:38)] -2
[00:00:02][DEBUG][nullEngine.object.component.FirstPersonCamera.mouseMoved(FirstPersonCamera.java:40)] Quaternion(0.0, -0.37460655, 0.0, 0.9271839)
[00:00:02][DEBUG][nullEngine.object.component.FirstPersonCamera.mouseMoved(FirstPersonCamera.java:41)] 
0.71933985 -0.0 -0.69465834 0.0
0.0 1.0 -0.0 0.0
0.69465834 0.0 0.71933985 0.0
0.0 0.0 0.0 1.0

[00:00:02][DEBUG][nullEngine.object.component.FirstPersonCamera.mouseMoved(FirstPersonCamera.java:43)] 


[00:00:02][DEBUG][nullEngine.object.component.FirstPersonCamera.mouseMoved(FirstPersonCamera.java:38)] -2
[00:00:02][DEBUG][nullEngine.object.component.FirstPersonCamera.mouseMoved(FirstPersonCamera.java:40)] Quaternion(0.0, -0.3907311, 0.0, 0.9205049)
[00:00:02][DEBUG][nullEngine.object.component.FirstPersonCamera.mouseMoved(FirstPersonCamera.java:41)] 
0.6946584 -0.0 -0.7193398 0.0
0.0 1.0 -0.0 0.0
0.7193398 0.0 0.6946584 0.0
0.0 0.0 0.0 1.0

[00:00:02][DEBUG][nullEngine.object.component.FirstPersonCamera.mouseMoved(FirstPersonCamera.java:43)] 


[00:00:02][DEBUG][nullEngine.object.component.FirstPersonCamera.mouseMoved(FirstPersonCamera.java:38)] -1
[00:00:02][DEBUG][nullEngine.object.component.FirstPersonCamera.mouseMoved(FirstPersonCamera.java:40)] Quaternion(0.0, -0.39874905, 0.0, 0.91706014)
[00:00:02][DEBUG][nullEngine.object.component.FirstPersonCamera.mouseMoved(FirstPersonCamera.java:41)] 
0.6819984 -0.0 -0.7313537 0.0
0.0 1.0 -0.0 0.0
0.7313537 0.0 0.6819984 0.0
0.0 0.0 0.0 1.0

[00:00:02][DEBUG][nullEngine.object.component.FirstPersonCamera.mouseMoved(FirstPersonCamera.java:43)] 


[00:00:02][DEBUG][nullEngine.object.component.FirstPersonCamera.mouseMoved(FirstPersonCamera.java:38)] -1
[00:00:02][DEBUG][nullEngine.object.component.FirstPersonCamera.mouseMoved(FirstPersonCamera.java:40)] Quaternion(0.0, -0.4067366, 0.0, 0.9135455)
[00:00:02][DEBUG][nullEngine.object.component.FirstPersonCamera.mouseMoved(FirstPersonCamera.java:41)] 
0.6691307 -0.0 -0.7431448 0.0
0.0 1.0 -0.0 0.0
0.7431448 0.0 0.6691307 0.0
0.0 0.0 0.0 1.0

[00:00:02][DEBUG][nullEngine.object.component.FirstPersonCamera.mouseMoved(FirstPersonCamera.java:43)] 


[00:00:02][DEBUG][nullEngine.object.component.FirstPersonCamera.mouseMoved(FirstPersonCamera.java:38)] -3
[00:00:02][DEBUG][nullEngine.object.component.FirstPersonCamera.mouseMoved(FirstPersonCamera.java:40)] Quaternion(0.0, -0.43051106, 0.0, 0.9025853)
[00:00:02][DEBUG][nullEngine.object.component.FirstPersonCamera.mouseMoved(FirstPersonCamera.java:41)] 
0.6293205 -0.0 -0.7771459 0.0
0.0 1.0 -0.0 0.0
0.7771459 0.0 0.6293205 0.0
0.0 0.0 0.0 1.0

[00:00:02][DEBUG][nullEngine.object.component.FirstPersonCamera.mouseMoved(FirstPersonCamera.java:43)] 


[00:00:02][DEBUG][nullEngine.object.component.FirstPersonCamera.mouseMoved(FirstPersonCamera.java:38)] -2
[00:00:02][DEBUG][nullEngine.object.component.FirstPersonCamera.mouseMoved(FirstPersonCamera.java:40)] Quaternion(0.0, -0.44619778, 0.0, 0.8949344)
[00:00:02][DEBUG][nullEngine.object.component.FirstPersonCamera.mouseMoved(FirstPersonCamera.java:41)] 
0.6018151 -0.0 -0.7986355 0.0
0.0 1.0 -0.0 0.0
0.7986355 0.0 0.6018151 0.0
0.0 0.0 0.0 1.0

[00:00:02][DEBUG][nullEngine.object.component.FirstPersonCamera.mouseMoved(FirstPersonCamera.java:43)] 


[00:00:02][DEBUG][nullEngine.object.component.FirstPersonCamera.mouseMoved(FirstPersonCamera.java:38)] -1
[00:00:02][DEBUG][nullEngine.object.component.FirstPersonCamera.mouseMoved(FirstPersonCamera.java:40)] Quaternion(0.0, -0.45399046, 0.0, 0.8910066)
[00:00:02][DEBUG][nullEngine.object.component.FirstPersonCamera.mouseMoved(FirstPersonCamera.java:41)] 
0.58778536 -0.0 -0.809017 0.0
0.0 1.0 -0.0 0.0
0.809017 0.0 0.58778536 0.0
0.0 0.0 0.0 1.0

[00:00:02][DEBUG][nullEngine.object.component.FirstPersonCamera.mouseMoved(FirstPersonCamera.java:43)] 


[00:00:02][DEBUG][nullEngine.object.component.FirstPersonCamera.mouseMoved(FirstPersonCamera.java:38)] -1
[00:00:02][DEBUG][nullEngine.object.component.FirstPersonCamera.mouseMoved(FirstPersonCamera.java:40)] Quaternion(0.0, -0.46174857, 0.0, 0.88701093)
[00:00:02][DEBUG][nullEngine.object.component.FirstPersonCamera.mouseMoved(FirstPersonCamera.java:41)] 
0.5735765 -0.0 -0.81915206 0.0
0.0 1.0 -0.0 0.0
0.81915206 0.0 0.5735765 0.0
0.0 0.0 0.0 1.0

[00:00:02][DEBUG][nullEngine.object.component.FirstPersonCamera.mouseMoved(FirstPersonCamera.java:43)] 


[00:00:02][DEBUG][nullEngine.object.component.FirstPersonCamera.mouseMoved(FirstPersonCamera.java:38)] 1
[00:00:02][DEBUG][nullEngine.object.component.FirstPersonCamera.mouseMoved(FirstPersonCamera.java:40)] Quaternion(0.0, -0.45399046, 0.0, 0.8910066)
[00:00:02][DEBUG][nullEngine.object.component.FirstPersonCamera.mouseMoved(FirstPersonCamera.java:41)] 
0.58778536 -0.0 -0.809017 0.0
0.0 1.0 -0.0 0.0
0.809017 0.0 0.58778536 0.0
0.0 0.0 0.0 1.0

[00:00:02][DEBUG][nullEngine.object.component.FirstPersonCamera.mouseMoved(FirstPersonCamera.java:43)] 


[00:00:02][DEBUG][nullEngine.object.component.FirstPersonCamera.mouseMoved(FirstPersonCamera.java:38)] 1
[00:00:02][DEBUG][nullEngine.object.component.FirstPersonCamera.mouseMoved(FirstPersonCamera.java:40)] Quaternion(0.0, -0.44619778, 0.0, 0.8949344)
[00:00:02][DEBUG][nullEngine.object.component.FirstPersonCamera.mouseMoved(FirstPersonCamera.java:41)] 
0.6018151 -0.0 -0.7986355 0.0
0.0 1.0 -0.0 0.0
0.7986355 0.0 0.6018151 0.0
0.0 0.0 0.0 1.0

[00:00:02][DEBUG][nullEngine.object.component.FirstPersonCamera.mouseMoved(FirstPersonCamera.java:43)] 


[00:00:02][DEBUG][nullEngine.object.component.FirstPersonCamera.mouseMoved(FirstPersonCamera.java:38)] 2
[00:00:02][DEBUG][nullEngine.object.component.FirstPersonCamera.mouseMoved(FirstPersonCamera.java:40)] Quaternion(0.0, -0.43051106, 0.0, 0.9025853)
[00:00:02][DEBUG][nullEngine.object.component.FirstPersonCamera.mouseMoved(FirstPersonCamera.java:41)] 
0.6293205 -0.0 -0.7771459 0.0
0.0 1.0 -0.0 0.0
0.7771459 0.0 0.6293205 0.0
0.0 0.0 0.0 1.0

[00:00:02][DEBUG][nullEngine.object.component.FirstPersonCamera.mouseMoved(FirstPersonCamera.java:43)] 


[00:00:02][DEBUG][nullEngine.object.component.FirstPersonCamera.mouseMoved(FirstPersonCamera.java:38)] 0
[00:00:02][DEBUG][nullEngine.object.component.FirstPersonCamera.mouseMoved(FirstPersonCamera.java:40)] Quaternion(0.0, -0.43051106, 0.0, 0.9025853)
[00:00:02][DEBUG][nullEngine.object.component.FirstPersonCamera.mouseMoved(FirstPersonCamera.java:41)] 
0.6293205 -0.0 -0.7771459 0.0
0.0 1.0 -0.0 0.0
0.7771459 0.0 0.6293205 0.0
0.0 0.0 0.0 1.0

[00:00:02][DEBUG][nullEngine.object.component.FirstPersonCamera.mouseMoved(FirstPersonCamera.java:43)] 


[00:00:03][DEBUG][nullEngine.object.component.FirstPersonCamera.mouseMoved(FirstPersonCamera.java:38)] 1
[00:00:03][DEBUG][nullEngine.object.component.FirstPersonCamera.mouseMoved(FirstPersonCamera.java:40)] Quaternion(0.0, -0.4226182, 0.0, 0.9063078)
[00:00:03][DEBUG][nullEngine.object.component.FirstPersonCamera.mouseMoved(FirstPersonCamera.java:41)] 
0.6427877 -0.0 -0.7660444 0.0
0.0 1.0 -0.0 0.0
0.7660444 0.0 0.6427877 0.0
0.0 0.0 0.0 1.0

[00:00:03][DEBUG][nullEngine.object.component.FirstPersonCamera.mouseMoved(FirstPersonCamera.java:43)] 


[00:00:03][DEBUG][nullEngine.object.component.FirstPersonCamera.mouseMoved(FirstPersonCamera.java:38)] 1
[00:00:03][DEBUG][nullEngine.object.component.FirstPersonCamera.mouseMoved(FirstPersonCamera.java:40)] Quaternion(0.0, -0.41469318, 0.0, 0.9099613)
[00:00:03][DEBUG][nullEngine.object.component.FirstPersonCamera.mouseMoved(FirstPersonCamera.java:41)] 
0.65605915 -0.0 -0.7547095 0.0
0.0 1.0 -0.0 0.0
0.7547095 0.0 0.65605915 0.0
0.0 0.0 0.0 1.0

[00:00:03][DEBUG][nullEngine.object.component.FirstPersonCamera.mouseMoved(FirstPersonCamera.java:43)] 


[00:00:03][DEBUG][nullEngine.object.component.FirstPersonCamera.mouseMoved(FirstPersonCamera.java:38)] 1
[00:00:03][DEBUG][nullEngine.object.component.FirstPersonCamera.mouseMoved(FirstPersonCamera.java:40)] Quaternion(0.0, -0.40673658, 0.0, 0.9135455)
[00:00:03][DEBUG][nullEngine.object.component.FirstPersonCamera.mouseMoved(FirstPersonCamera.java:41)] 
0.6691307 -0.0 -0.74314475 0.0
0.0 1.0 -0.0 0.0
0.74314475 0.0 0.6691307 0.0
0.0 0.0 0.0 1.0

[00:00:03][DEBUG][nullEngine.object.component.FirstPersonCamera.mouseMoved(FirstPersonCamera.java:43)] 


[00:00:03][DEBUG][nullEngine.object.component.FirstPersonCamera.mouseMoved(FirstPersonCamera.java:38)] 1
[00:00:03][DEBUG][nullEngine.object.component.FirstPersonCamera.mouseMoved(FirstPersonCamera.java:40)] Quaternion(0.0, -0.398749, 0.0, 0.9170601)
[00:00:03][DEBUG][nullEngine.object.component.FirstPersonCamera.mouseMoved(FirstPersonCamera.java:41)] 
0.6819985 -0.0 -0.7313536 0.0
0.0 1.0 -0.0 0.0
0.7313536 0.0 0.6819985 0.0
0.0 0.0 0.0 1.0

[00:00:03][DEBUG][nullEngine.object.component.FirstPersonCamera.mouseMoved(FirstPersonCamera.java:43)] 


[00:00:03][DEBUG][nullEngine.object.component.FirstPersonCamera.mouseMoved(FirstPersonCamera.java:38)] 1
[00:00:03][DEBUG][nullEngine.object.component.FirstPersonCamera.mouseMoved(FirstPersonCamera.java:40)] Quaternion(0.0, -0.39073104, 0.0, 0.92050487)
[00:00:03][DEBUG][nullEngine.object.component.FirstPersonCamera.mouseMoved(FirstPersonCamera.java:41)] 
0.6946585 -0.0 -0.71933967 0.0
0.0 1.0 -0.0 0.0
0.71933967 0.0 0.6946585 0.0
0.0 0.0 0.0 1.0

[00:00:03][DEBUG][nullEngine.object.component.FirstPersonCamera.mouseMoved(FirstPersonCamera.java:43)] 


[00:00:03][DEBUG][nullEngine.object.component.FirstPersonCamera.mouseMoved(FirstPersonCamera.java:38)] 1
[00:00:03][DEBUG][nullEngine.object.component.FirstPersonCamera.mouseMoved(FirstPersonCamera.java:40)] Quaternion(0.0, -0.38268334, 0.0, 0.92387956)
[00:00:03][DEBUG][nullEngine.object.component.FirstPersonCamera.mouseMoved(FirstPersonCamera.java:41)] 
0.70710695 -0.0 -0.70710665 0.0
0.0 1.0 -0.0 0.0
0.70710665 0.0 0.70710695 0.0
0.0 0.0 0.0 1.0

[00:00:03][DEBUG][nullEngine.object.component.FirstPersonCamera.mouseMoved(FirstPersonCamera.java:43)] 


[00:00:03][DEBUG][nullEngine.object.component.FirstPersonCamera.mouseMoved(FirstPersonCamera.java:38)] 2
[00:00:03][DEBUG][nullEngine.object.component.FirstPersonCamera.mouseMoved(FirstPersonCamera.java:40)] Quaternion(0.0, -0.36650112, 0.0, 0.9304176)
[00:00:03][DEBUG][nullEngine.object.component.FirstPersonCamera.mouseMoved(FirstPersonCamera.java:41)] 
0.7313539 -0.0 -0.6819982 0.0
0.0 1.0 -0.0 0.0
0.6819982 0.0 0.7313539 0.0
0.0 0.0 0.0 1.0

[00:00:03][DEBUG][nullEngine.object.component.FirstPersonCamera.mouseMoved(FirstPersonCamera.java:43)] 


[00:00:03][DEBUG][nullEngine.object.component.FirstPersonCamera.mouseMoved(FirstPersonCamera.java:38)] 1
[00:00:03][DEBUG][nullEngine.object.component.FirstPersonCamera.mouseMoved(FirstPersonCamera.java:40)] Quaternion(0.0, -0.35836786, 0.0, 0.9335804)
[00:00:03][DEBUG][nullEngine.object.component.FirstPersonCamera.mouseMoved(FirstPersonCamera.java:41)] 
0.743145 -0.0 -0.66913044 0.0
0.0 1.0 -0.0 0.0
0.66913044 0.0 0.743145 0.0
0.0 0.0 0.0 1.0

[00:00:03][DEBUG][nullEngine.object.component.FirstPersonCamera.mouseMoved(FirstPersonCamera.java:43)] 


[00:00:03][DEBUG][nullEngine.object.component.FirstPersonCamera.mouseMoved(FirstPersonCamera.java:38)] 1
[00:00:03][DEBUG][nullEngine.object.component.FirstPersonCamera.mouseMoved(FirstPersonCamera.java:40)] Quaternion(0.0, -0.3502073, 0.0, 0.93667215)
[00:00:03][DEBUG][nullEngine.object.component.FirstPersonCamera.mouseMoved(FirstPersonCamera.java:41)] 
0.7547097 -0.0 -0.65605885 0.0
0.0 1.0 -0.0 0.0
0.65605885 0.0 0.7547097 0.0
0.0 0.0 0.0 1.0

[00:00:03][DEBUG][nullEngine.object.component.FirstPersonCamera.mouseMoved(FirstPersonCamera.java:43)] 


[00:00:03][DEBUG][nullEngine.object.component.FirstPersonCamera.mouseMoved(FirstPersonCamera.java:38)] 1
[00:00:03][DEBUG][nullEngine.object.component.FirstPersonCamera.mouseMoved(FirstPersonCamera.java:40)] Quaternion(0.0, -0.34202003, 0.0, 0.93969256)
[00:00:03][DEBUG][nullEngine.object.component.FirstPersonCamera.mouseMoved(FirstPersonCamera.java:41)] 
0.7660446 -0.0 -0.64278734 0.0
0.0 1.0 -0.0 0.0
0.64278734 0.0 0.7660446 0.0
0.0 0.0 0.0 1.0

[00:00:03][DEBUG][nullEngine.object.component.FirstPersonCamera.mouseMoved(FirstPersonCamera.java:43)] 


[00:00:03][DEBUG][nullEngine.object.component.FirstPersonCamera.mouseMoved(FirstPersonCamera.java:38)] 1
[00:00:03][DEBUG][nullEngine.object.component.FirstPersonCamera.mouseMoved(FirstPersonCamera.java:40)] Quaternion(0.0, -0.33380675, 0.0, 0.94264144)
[00:00:03][DEBUG][nullEngine.object.component.FirstPersonCamera.mouseMoved(FirstPersonCamera.java:41)] 
0.7771461 -0.0 -0.62932014 0.0
0.0 1.0 -0.0 0.0
0.62932014 0.0 0.7771461 0.0
0.0 0.0 0.0 1.0

[00:00:03][DEBUG][nullEngine.object.component.FirstPersonCamera.mouseMoved(FirstPersonCamera.java:43)] 


[00:00:03][DEBUG][nullEngine.object.component.FirstPersonCamera.mouseMoved(FirstPersonCamera.java:38)] 1
[00:00:03][DEBUG][nullEngine.object.component.FirstPersonCamera.mouseMoved(FirstPersonCamera.java:40)] Quaternion(0.0, -0.32556802, 0.0, 0.94551855)
[00:00:03][DEBUG][nullEngine.object.component.FirstPersonCamera.mouseMoved(FirstPersonCamera.java:41)] 
0.78801095 -0.0 -0.6156612 0.0
0.0 1.0 -0.0 0.0
0.6156612 0.0 0.78801095 0.0
0.0 0.0 0.0 1.0

[00:00:03][DEBUG][nullEngine.object.component.FirstPersonCamera.mouseMoved(FirstPersonCamera.java:43)] 


[00:00:03][DEBUG][nullEngine.object.component.FirstPersonCamera.mouseMoved(FirstPersonCamera.java:38)] 1
[00:00:03][DEBUG][nullEngine.object.component.FirstPersonCamera.mouseMoved(FirstPersonCamera.java:40)] Quaternion(0.0, -0.31730452, 0.0, 0.9483236)
[00:00:03][DEBUG][nullEngine.object.component.FirstPersonCamera.mouseMoved(FirstPersonCamera.java:41)] 
0.79863566 -0.0 -0.60181475 0.0
0.0 1.0 -0.0 0.0
0.60181475 0.0 0.79863566 0.0
0.0 0.0 0.0 1.0

[00:00:03][DEBUG][nullEngine.object.component.FirstPersonCamera.mouseMoved(FirstPersonCamera.java:43)] 


[00:00:03][DEBUG][nullEngine.object.component.FirstPersonCamera.mouseMoved(FirstPersonCamera.java:38)] 1
[00:00:03][DEBUG][nullEngine.object.component.FirstPersonCamera.mouseMoved(FirstPersonCamera.java:40)] Quaternion(0.0, -0.30901685, 0.0, 0.9510565)
[00:00:03][DEBUG][nullEngine.object.component.FirstPersonCamera.mouseMoved(FirstPersonCamera.java:41)] 
0.8090172 -0.0 -0.58778495 0.0
0.0 1.0 -0.0 0.0
0.58778495 0.0 0.8090172 0.0
0.0 0.0 0.0 1.0

[00:00:03][DEBUG][nullEngine.object.component.FirstPersonCamera.mouseMoved(FirstPersonCamera.java:43)] 


[00:00:03][DEBUG][nullEngine.object.component.FirstPersonCamera.mouseMoved(FirstPersonCamera.java:38)] 1
[00:00:03][DEBUG][nullEngine.object.component.FirstPersonCamera.mouseMoved(FirstPersonCamera.java:40)] Quaternion(0.0, -0.30070564, 0.0, 0.9537169)
[00:00:03][DEBUG][nullEngine.object.component.FirstPersonCamera.mouseMoved(FirstPersonCamera.java:41)] 
0.81915224 -0.0 -0.5735761 0.0
0.0 1.0 -0.0 0.0
0.5735761 0.0 0.81915224 0.0
0.0 0.0 0.0 1.0

[00:00:03][DEBUG][nullEngine.object.component.FirstPersonCamera.mouseMoved(FirstPersonCamera.java:43)] 


[00:00:03][DEBUG][nullEngine.object.component.FirstPersonCamera.mouseMoved(FirstPersonCamera.java:38)] 1
[00:00:03][DEBUG][nullEngine.object.component.FirstPersonCamera.mouseMoved(FirstPersonCamera.java:40)] Quaternion(0.0, -0.29237154, 0.0, 0.95630467)
[00:00:03][DEBUG][nullEngine.object.component.FirstPersonCamera.mouseMoved(FirstPersonCamera.java:41)] 
0.8290378 -0.0 -0.55919254 0.0
0.0 1.0 -0.0 0.0
0.55919254 0.0 0.8290378 0.0
0.0 0.0 0.0 1.0

[00:00:03][DEBUG][nullEngine.object.component.FirstPersonCamera.mouseMoved(FirstPersonCamera.java:43)] 


[00:00:03][DEBUG][nullEngine.object.component.FirstPersonCamera.mouseMoved(FirstPersonCamera.java:38)] 1
[00:00:03][DEBUG][nullEngine.object.component.FirstPersonCamera.mouseMoved(FirstPersonCamera.java:40)] Quaternion(0.0, -0.28401518, 0.0, 0.9588196)
